348	348	348	348	348	348	348	348	348	348	348	348	348	348	348	348	348	348	348	348	348	348	348	348	348	348	348	348	348	348	348	348	348	348	348	348	348	348	348	348	348	348	348	348	348	348	348	348	348	348	348	348	348	348	348	348	348	348	348	348	348	348	348	348	348	348	348	348	348	348	348	
290	290	290	290	290	290	290	290	290	290	290	290	290	290	290	290	290	290	290	290	290	290	579	579	579	579	579	579	579	579	579	579	579	579	579	579	579	579	579	579	579	579	579	579	579	579	579	579	579	579	579	579	579	579	579	579	579	579	579	579	579	579	579	579	579	579	579	579	579	579	579	579	579	579	579	579	579	579	579	579	579	
568	132	132	132	568	132	132	132	132	132	132	132	132	132	132	568	568	568	568	568	568	568	568	568	568	568	568	568	568	568	568	568	568	568	568	568	568	568	568	568	348	348	348	348	348	348	348	568	348	348	348	348	348	348	348	348	348	348	348	348	348	348	348	348	348	348	348	348	348	348	348	
969	969	290	290	290	290	290	290	290	290	290	290	290	290	290	290	290	579	579	579	579	579	579	579	579	579	579	579	579	579	579	579	579	579	579	374	374	579	579	579	579	579	579	165	165	165	165	165	165	165	165	165	165	165	165	165	165	165	165	165	165	165	
348	348	348	348	348	348	348	348	348	348	348	348	348	348	348	132	132	132	132	132	568	568	568	568	568	568	568	568	568	568	568	568	568	568	568	568	568	568	568	568	568	568	568	568	568	568	568	568	568	568	568	568	568	568	568	568	568	568	472	472	472	472	472	472	240	240	240	240	240	240	240	240	240	240	240	240	240	240	240	240	
969	969	969	290	290	290	290	290	290	290	290	290	290	290	290	290	579	579	579	579	579	579	579	579	579	579	579	579	579	579	579	579	579	579	579	579	579	579	579	579	579	579	579	579	579	579	579	579	579	579	579	579	579	579	579	579	579	579	579	579	579	165	165	
132	132	568	568	568	568	568	568	568	568	568	568	568	568	568	568	568	568	568	568	568	568	568	568	568	568	568	568	568	568	568	568	568	568	568	568	568	568	568	568	568	568	568	568	568	568	568	568	568	568	568	568	568	568	568	568	568	568	568	568	472	472	568	568	472	472	240	240	240	568	568	568	472	472	472	472	240	240	240	240	240	240	240	
969	969	969	969	969	969	969	969	969	969	969	969	969	969	969	969	969	969	969	969	969	969	969	969	969	969	969	969	969	969	969	969	969	969	969	969	969	969	969	969	969	969	969	969	969	969	969	969	969	969	969	969	969	969	969	969	969	969	969	969	969	969	969	969	
568	568	568	568	568	568	568	568	568	568	568	568	568	568	568	568	568	568	568	568	568	568	568	568	568	568	568	568	568	568	568	568	568	568	568	568	568	568	568	568	568	568	568	568	568	568	568	568	568	568	568	568	568	568	568	568	568	568	568	568	568	568	568	568	568	568	568	568	568	568	568	568	568	568	568	568	568	
969	969	969	969	969	969	969	969	969	969	969	969	969	969	969	969	969	969	969	969	969	969	969	969	969	969	969	969	969	969	969	969	969	969	969	969	969	969	969	969	969	969	969	969	969	969	969	969	969	969	969	969	969	969	969	969	969	969	
568	568	568	568	568	568	568	568	568	568	568	568	568	568	568	568	568	568	568	568	568	568	568	240	240	240	240	240	240	240	240	240	240	240	240	240	240	240	240	240	240	240	240	240	240	240	240	240	240	240	969	969	969	969	969	969	969	969	969	969	969	969	969	969	969	969	969	969	969	969	969	969	969	969	969	969	969	
290	290	290	290	290	290	290	290	290	290	290	290	290	290	579	579	579	579	579	579	579	579	579	579	579	579	579	579	579	579	579	579	579	579	579	579	579	579	579	579	579	579	579	579	579	579	579	579	579	579	579	579	579	579	579	579	579	579	579	579	579	579	579	579	579	579	579	579	579	579	579	579	579	579	579	579	
348	348	348	132	132	132	132	132	132	568	568	568	568	568	568	568	568	568	568	568	568	568	568	568	568	568	568	568	568	568	568	568	568	568	568	568	568	568	568	568	568	568	568	568	568	568	568	568	568	568	568	568	568	568	568	240	240	240	240	240	240	240	240	240	240	240	240	240	240	240	240	240	240	240	240	240	240	240	240	
969	969	969	969	969	969	969	969	969	969	969	969	969	969	969	969	969	969	969	969	969	969	969	290	290	290	290	290	290	290	290	290	290	290	290	290	290	290	290	290	290	290	290	290	290	290	290	290	374	374	374	374	374	374	374	374	374	165	165	165	165	165	165	165	165	165	165	
348	348	348	348	348	348	348	348	348	348	348	348	348	348	348	348	348	348	348	348	348	348	348	348	348	348	348	348	348	348	348	348	348	348	348	348	348	348	348	348	348	348	348	348	348	348	348	348	348	348	348	348	348	348	348	348	348	348	348	348	348	348	348	348	348	348	348	348	348	348	348	348	348	348	348	348	348	348	348	348	348	348	348	348	348	348	348	348	348	348	348	348	348	348	348	348	348	348	348	348	348	348	348	348	348	348	348	348	348	348	348	348	348	348	348	
969	969	969	969	969	969	969	969	969	969	969	969	969	969	969	969	969	969	969	969	969	969	969	969	969	969	969	969	969	969	969	969	969	969	969	969	969	969	969	969	969	969	240	240	240	240	143	143	143	143	143	143	143	143	143	143	143	143	143	143	143	143	143	143	143	143	143	883	208	132	132	132	132	132	132	
348	348	348	348	348	348	348	348	348	348	348	348	348	348	348	348	348	348	348	348	348	348	348	348	348	348	348	348	348	348	348	348	348	348	348	348	348	348	348	348	348	348	348	348	348	348	348	348	348	348	348	348	348	348	348	348	348	348	348	348	348	348	348	348	348	348	348	348	348	348	348	348	348	348	348	348	348	348	348	348	348	348	348	348	348	348	348	348	348	348	348	348	348	348	
969	969	969	969	969	969	969	969	290	290	290	290	290	290	290	290	290	290	290	290	290	290	290	290	290	290	290	290	290	290	290	290	290	290	290	290	290	290	579	579	579	579	579	579	579	579	579	579	579	374	374	579	374	374	374	165	165	165	165	165	165	165	165	165	
348	348	348	348	348	348	348	348	348	348	348	348	348	348	348	348	348	348	348	348	348	348	348	348	348	348	348	348	348	348	348	348	348	348	348	348	348	348	348	348	348	348	348	348	348	348	348	348	348	348	348	348	348	348	348	348	348	348	348	348	348	348	348	348	348	348	348	348	348	348	348	348	348	348	348	348	326	326	326	326	326	326	326	
969	969	969	969	969	969	969	969	969	969	290	290	290	290	290	290	290	290	290	290	290	290	290	290	290	290	290	290	290	290	290	290	290	290	290	290	290	290	290	290	290	290	290	290	579	579	579	579	579	579	579	579	579	579	579	
132	568	568	568	568	568	568	568	568	568	568	568	568	568	568	568	568	568	568	568	568	568	568	568	568	568	568	568	568	568	568	568	568	568	568	568	568	568	568	568	568	568	568	568	568	568	568	568	568	568	568	568	568	568	568	568	568	568	240	240	240	240	240	240	240	240	240	240	472	240	240	
969	969	969	969	969	290	290	290	290	290	290	290	290	290	290	290	290	290	290	290	290	290	290	290	290	290	290	290	290	579	579	579	579	579	579	579	579	579	579	579	374	374	374	374	374	374	374	374	374	374	374	374	374	374	165	165	165	165	165	165	165	165	165	
568	568	568	568	568	568	568	568	568	568	568	568	568	568	568	568	568	568	568	568	568	568	568	348	348	348	348	348	348	348	348	348	348	348	348	348	348	348	348	348	348	348	348	348	348	348	348	348	348	348	348	348	348	
969	969	969	290	290	290	290	290	290	290	290	290	290	290	290	290	290	290	290	290	290	290	290	290	290	290	290	290	290	290	290	290	290	290	290	290	290	290	290	290	290	290	290	290	290	290	579	579	579	579	579	579	579	579	579	579	579	579	579	579	579	579	579	579	
568	568	568	568	568	568	568	568	568	568	568	568	568	568	568	568	568	132	132	132	132	348	348	348	348	348	348	348	348	348	348	348	348	348	348	348	348	348	348	348	348	348	348	348	348	348	348	348	
290	290	290	290	290	290	290	290	290	969	290	969	969	969	969	969	969	969	969	969	969	969	969	969	969	969	969	969	969	969	969	969	969	969	969	969	969	969	969	969	969	969	969	969	969	969	969	969	969	969	969	969	969	969	969	969	969	969	969	969	969	969	969	969	969	969	969	
883	883	883	132	132	132	132	348	348	348	348	348	348	348	348	348	348	348	348	348	348	348	348	348	348	348	348	348	348	348	348	348	348	348	348	348	348	348	348	348	348	348	348	348	348	326	326	326	326	326	326	326	326	326	326	326	326	326	326	326	326	326	326	326	326	326	294	294	294	294	294	294	294	294	
969	969	969	969	969	969	969	969	969	969	969	969	969	969	969	969	969	969	969	969	969	969	969	969	969	969	969	969	969	969	969	969	969	969	969	969	969	969	969	969	969	969	969	969	969	969	969	969	969	969	969	969	969	969	969	969	969	969	
568	568	568	348	348	348	348	348	348	348	348	348	348	348	348	348	348	348	348	348	348	348	348	348	348	348	348	348	348	348	348	348	348	348	348	348	348	348	348	348	348	348	348	348	348	348	348	348	348	348	348	348	348	348	348	348	348	348	348	348	348	348	348	348	348	348	348	348	348	348	348	348	348	348	326	326	326	326	326	326	326	326	326	326	326	326	326	326	326	326	326	326	326	326	326	326	326	326	326	326	

