143	143	143	143	143	143	143	143	143	143	143	143	143	143	143	143	143	143	143	143	143	143	143	143	143	143	143	143	143	143	143	143	143	143	143	143	143	143	143	143	143	143	143	143	143	143	1006	1006	1006	1006	1006	1006	1006	1006	1006	1006	1006	1006	1006	
969	969	969	969	969	969	969	969	969	969	969	969	969	969	969	969	969	969	969	969	240	240	240	240	240	240	240	240	240	240	240	240	240	240	240	240	240	240	240	240	240	240	240	472	472	472	472	472	472	472	472	568	568	
143	143	143	143	143	143	143	208	208	132	132	132	132	132	132	132	132	132	132	132	132	132	132	132	132	132	132	132	132	132	132	132	132	132	132	132	132	132	132	132	348	348	348	348	348	348	348	348	348	348	348	348	348	348	348	348	348	348	348	348	348	348	348	326	326	326	
969	969	969	969	969	969	969	969	969	969	969	969	969	290	290	290	290	290	290	290	290	290	290	290	290	290	290	290	290	290	290	290	290	290	290	290	290	290	290	290	290	290	290	290	290	290	290	290	290	290	290	290	290	290	290	290	290	290	290	290	290	579	579	579	579	579	290	579	
240	240	240	240	240	143	143	143	143	143	143	143	143	240	143	240	240	240	240	240	240	240	240	240	143	143	240	143	240	143	568	568	568	568	568	568	568	568	568	568	568	568	568	568	568	568	568	568	568	568	568	568	568	568	
969	969	969	969	969	969	969	969	969	969	969	969	969	969	969	969	290	290	290	290	290	290	290	290	290	290	290	290	290	290	290	374	374	374	374	374	374	374	374	374	374	374	374	374	374	374	374	374	374	374	374	374	374	374	374	165	165	165	165	165	
568	568	568	568	568	568	568	568	568	568	143	143	143	143	143	143	143	143	143	143	143	143	143	143	143	143	143	143	143	143	143	143	143	143	143	143	143	143	143	143	143	143	143	143	969	969	969	969	969	969	969	969	969	969	969	969	969	969	969	969	969	969	969	969	969	969	969	969	969	969	290	
969	969	969	969	969	969	969	969	969	969	969	969	969	969	240	240	240	240	143	143	143	143	143	143	143	143	143	143	143	143	143	143	143	143	143	143	568	568	568	568	568	568	568	
132	132	132	132	132	132	132	132	132	132	132	132	132	132	132	132	348	348	348	348	348	348	348	348	348	348	348	348	348	348	348	348	348	348	348	348	348	348	348	348	348	348	348	348	348	348	348	348	348	348	326	326	326	326	326	326	326	326	326	326	326	326	326	326	326	326	
969	969	969	969	969	969	969	969	969	969	969	969	969	969	969	969	969	969	240	240	240	240	240	240	143	143	143	143	143	143	143	143	143	143	143	568	568	568	568	568	568	132	132	132	132	132	132	132	132	132	
132	132	568	568	568	568	568	568	568	568	568	568	568	568	143	143	143	143	143	143	143	143	143	143	240	240	240	240	240	240	240	240	240	240	240	240	240	240	240	240	969	969	969	969	969	969	969	969	969	969	969	969	969	969	969	969	969	969	969	969	969	969	969	969	969	969	969	969	969	969	969	969	969	
969	969	969	969	969	969	969	969	969	969	969	969	969	969	969	969	969	290	290	290	290	290	290	290	290	290	290	290	290	290	290	290	374	374	374	374	374	374	374	374	374	374	374	374	374	374	374	374	374	374	374	374	374	165	165	165	165	165	165	165	165	
568	568	568	568	568	568	143	143	143	143	143	143	143	143	143	143	143	143	143	240	240	240	240	240	240	240	969	969	969	969	969	969	969	969	969	969	969	969	969	969	969	969	969	969	969	969	969	969	969	969	969	969	290	290	290	290	290	290	290	290	290	290	290	290	290	290	290	290	579	
969	969	969	969	969	969	969	969	969	969	969	969	969	969	969	969	969	969	969	969	969	969	969	969	969	969	969	969	969	969	969	969	969	969	969	969	969	969	969	969	969	969	969	240	240	240	240	240	240	240	240	240	240	240	240	240	143	143	143	143	143	240	240	240	240	240	472	240	568	568	568	568	568	568	
348	348	348	348	348	348	348	348	348	348	348	348	348	348	348	348	348	348	132	132	132	132	132	132	132	568	568	568	568	568	568	568	568	568	568	568	568	568	568	568	568	568	568	568	568	568	568	568	568	568	568	568	568	568	568	568	568	568	568	568	568	568	568	568	568	568	568	568	568	568	568	568	568	568	568	568	568	568	568	568	568	568	568	568	568	472	472	472	472	472	472	472	240	472	240	240	
969	969	969	969	969	969	969	969	969	969	969	969	969	969	969	969	969	969	969	969	969	969	969	969	969	969	969	969	240	240	240	240	240	240	240	240	240	240	240	240	240	240	240	240	240	240	240	240	240	240	240	240	
132	132	132	132	132	568	568	568	568	568	568	143	143	143	143	143	143	143	143	143	143	143	143	143	143	143	143	143	143	240	240	240	240	240	240	969	969	969	969	969	969	969	969	969	969	969	969	969	969	969	969	969	969	969	969	969	969	969	969	969	969	969	290	290	290	290	290	290	290	
969	969	969	969	969	969	969	969	969	969	969	969	969	969	969	969	969	969	969	969	969	969	969	969	969	969	969	969	969	969	969	969	969	969	969	969	969	969	969	969	143	143	143	143	143	143	143	143	143	143	143	143	143	143	143	143	143	143	208	208	208	208	132	132	132	132	
132	132	132	132	132	132	132	568	568	208	208	208	208	208	208	208	208	208	208	208	208	208	208	208	208	208	208	132	143	143	143	143	143	143	143	143	143	143	143	143	143	143	143	143	143	143	143	143	143	143	143	143	143	143	143	1006	1006	1006	1006	1006	1006	1006	1006	1006	1006	1006	1006	969	969	969	969	969	969	
969	969	969	969	969	969	969	969	969	969	969	969	969	969	969	969	969	969	969	969	969	969	969	969	240	240	240	240	240	143	143	143	143	143	143	143	143	143	143	143	143	143	143	143	143	132	132	132	132	132	132	132	132	132	
132	132	132	132	132	132	132	132	132	132	132	348	348	348	348	348	348	348	348	348	348	348	348	348	348	348	348	348	348	348	348	348	348	348	348	348	348	348	348	348	348	348	348	348	326	326	326	326	326	326	326	326	326	326	326	326	326	326	326	326	326	326	326	326	326	326	326	326	326	326	294	294	294	294	
969	969	969	969	969	969	969	969	969	969	969	969	969	969	969	969	969	969	969	969	969	969	969	969	969	969	969	969	969	969	969	969	969	969	969	969	969	969	969	969	969	969	969	969	969	969	969	969	969	969	969	969	969	969	969	
568	568	568	568	568	132	132	132	132	132	132	132	132	132	132	132	132	348	348	348	348	348	348	348	348	348	348	348	348	348	348	348	348	348	348	348	348	348	348	348	348	348	348	348	348	348	348	348	348	348	348	348	326	348	326	326	326	326	326	326	326	326	326	326	326	326	326	326	326	326	326	326	
969	969	969	969	969	969	969	969	969	969	969	969	969	969	969	969	969	969	969	969	969	969	969	969	969	969	969	290	290	290	290	290	290	290	290	290	290	
568	568	568	568	132	132	132	132	132	132	132	132	132	132	132	132	132	132	132	132	132	132	132	132	348	348	348	348	348	348	348	348	348	348	348	348	348	348	348	348	348	348	348	348	348	348	348	348	348	348	348	348	348	326	326	326	326	326	326	326	326	326	326	326	326	326	571	571	571	571	

