18	18	18	18	18	18	18	18	18	18	18	18	18	18	18	18	18	18	18	18	18	18	18	18	18	18	18	18	18	8	18	18	8	8	8	8	8	8	8	8	8	8	8	8	8	8	8	8	8	8	8	8	8	8	8	8	8	8	8	8	8	8	8	8	8	8	8	8	8	8	8	8	8	8	8	8	8	8	8	8	8	8	
61	61	61	61	61	61	61	61	61	61	61	61	61	61	61	61	61	61	61	61	61	61	61	61	61	61	61	61	61	61	61	61	61	61	61	61	61	61	61	61	61	61	61	61	61	61	61	61	61	61	61	61	61	61	61	61	
18	18	18	18	18	18	10	10	26	26	26	26	26	26	26	26	26	26	26	26	26	26	30	30	11	11	11	11	11	11	11	11	11	11	11	11	11	11	11	11	11	11	11	11	61	61	61	61	61	61	61	61	61	61	61	61	61	61	61	61	61	61	61	
61	61	61	61	61	61	61	61	61	61	61	61	61	61	61	61	61	61	61	61	61	61	61	61	61	61	61	61	61	61	61	61	61	61	61	61	61	61	61	61	61	61	61	4	4	4	4	4	4	4	4	4	4	4	4	
10	10	10	10	10	10	10	26	26	26	26	26	26	26	26	26	26	26	26	26	26	26	26	26	26	26	26	26	26	30	11	30	11	11	11	17	17	17	17	17	17	17	17	17	17	17	17	17	17	61	61	61	61	61	61	61	61	61	
61	61	61	61	61	61	61	61	61	61	61	61	61	4	4	4	4	4	4	4	4	4	4	4	4	4	4	4	4	4	4	4	4	4	4	4	4	4	4	4	4	4	4	4	4	59	59	59	59	59	59	59	59	59	
26	26	26	26	26	26	26	26	26	26	26	26	26	26	26	26	26	26	26	26	26	26	26	26	26	26	26	26	26	26	26	26	26	26	26	30	30	30	30	30	30	30	30	30	30	
61	61	61	61	61	61	4	4	4	4	4	4	4	4	4	4	4	4	4	4	4	4	4	4	4	4	4	4	4	4	4	4	4	4	4	4	4	4	4	4	4	59	59	59	59	59	59	59	59	59	59	59	59	59	59	59	59	59	59	59	59	59	
18	26	26	26	26	26	26	26	26	26	26	26	30	30	30	30	30	11	11	11	11	11	11	11	11	11	11	11	11	11	11	11	11	11	11	11	61	61	61	61	61	61	61	61	61	61	61	61	61	61	61	61	61	61	61	61	61	
17	61	61	61	61	61	61	61	61	61	61	61	61	4	4	4	4	4	4	4	4	4	4	4	4	4	4	4	4	4	4	4	4	4	4	4	4	4	4	4	4	4	4	4	59	59	59	59	59	59	59	59	59	59	59	
18	10	10	10	26	26	26	26	26	26	26	26	26	26	26	26	26	26	26	26	26	26	26	26	26	30	30	30	30	30	30	30	30	30	30	30	11	11	11	11	11	11	11	11	11	11	11	11	11	11	11	11	11	11	11	11	11	
61	61	61	61	61	61	61	61	61	61	61	61	61	61	61	61	61	61	61	61	61	61	61	61	61	61	61	61	61	61	4	4	4	4	4	4	4	4	4	4	4	4	4	4	4	4	4	4	4	4	4	4	4	4	4	4	4	
26	26	26	26	26	26	26	26	26	26	26	26	26	26	26	26	30	30	30	30	30	30	30	30	11	11	11	11	11	11	11	11	11	11	11	11	11	11	11	11	11	11	11	11	11	
61	61	61	61	61	61	61	61	61	61	61	61	61	61	4	4	4	4	4	4	4	4	4	4	4	4	4	4	4	4	4	4	4	4	4	4	4	4	4	4	4	4	4	4	4	4	4	4	4	4	4	4	4	4	4	4	4	
26	26	26	26	26	26	26	26	26	18	18	18	18	18	18	18	18	18	18	18	8	8	8	8	8	8	8	8	8	8	8	8	8	8	8	8	8	8	8	50	50	
61	61	61	61	61	61	61	61	61	61	61	61	61	61	61	61	61	61	61	61	61	61	61	61	61	61	61	61	61	61	61	61	61	61	61	61	61	61	61	4	4	4	4	4	4	4	4	4	4	4	4	4	4	4	4	4	4	4	4	4	
18	18	18	18	18	18	18	18	18	18	18	18	18	18	18	8	8	8	8	8	8	8	8	8	8	8	8	50	50	50	50	50	50	50	50	50	50	50	50	50	50	50	50	50	50	50	50	50	50	50	50	50	50	15	15	15	15	15	15	
61	61	61	61	61	61	61	61	61	61	61	61	61	61	4	4	4	4	4	4	4	4	4	4	4	4	4	4	4	4	4	4	4	4	4	4	4	4	4	4	4	4	4	4	4	4	4	4	4	4	4	4	4	4	4	4	4	4	4	4	4	
18	18	18	18	18	18	18	8	8	8	8	8	8	8	8	8	8	8	18	8	18	18	18	18	18	18	18	8	18	8	8	8	8	8	8	8	8	8	8	8	8	8	8	8	8	8	8	8	8	8	8	8	8	8	8	8	8	8	8	8	8	8	8	8	8	8	8	8	8	8	8	8	8	8	8	8	8	8	8	8	8	8	8	8	8	8	
61	61	61	61	61	61	61	61	61	61	61	61	61	61	4	4	4	4	4	4	4	4	4	4	4	4	4	4	4	4	4	4	4	4	4	4	4	4	4	4	4	4	4	4	4	4	4	4	4	4	4	4	4	4	4	4	
18	18	18	10	10	10	26	26	26	26	26	26	26	26	26	26	30	30	30	30	30	30	30	30	30	11	11	11	11	11	11	11	11	11	11	11	11	11	11	11	11	11	11	11	11	11	11	11	11	11	11	61	61	61	61	61	61	
4	4	4	4	4	4	4	4	4	4	4	4	4	4	4	4	4	4	4	4	4	4	4	4	4	4	4	4	4	4	4	4	4	4	4	4	4	4	4	59	59	59	59	59	59	59	59	59	59	59	59	59	59	59	59	59	59	59	59	59	59	59	59	59	59	59	59	59	59	
18	18	18	18	18	18	18	18	18	18	10	26	26	26	26	26	26	26	26	26	26	26	26	26	26	26	26	26	30	30	30	30	30	30	30	11	11	11	30	30	11	11	11	11	11	11	11	11	11	11	11	11	
61	61	61	61	61	61	61	61	61	61	61	61	61	4	4	4	4	4	4	4	4	4	4	4	4	4	4	4	4	4	4	4	4	4	4	4	4	4	4	4	4	4	4	59	59	59	59	59	59	59	59	
26	26	26	26	26	26	26	26	26	26	26	26	26	26	26	26	26	26	26	26	26	26	26	26	26	26	26	26	26	26	26	26	26	26	26	26	26	30	30	30	30	30	30	30	30	30	30	30	30	30	30	
61	61	61	61	61	61	61	61	61	61	61	61	61	61	61	4	4	4	4	4	4	4	4	4	4	4	4	4	4	4	4	4	4	4	4	4	4	4	4	4	4	4	4	4	4	4	4	4	4	4	4	59	59	59	
26	26	26	26	26	26	26	26	26	26	26	26	26	26	26	26	26	26	26	26	26	26	26	26	26	26	26	26	26	26	26	26	26	26	26	26	26	26	26	
61	61	61	61	61	61	61	61	61	61	61	61	61	61	61	61	61	61	61	61	61	61	61	61	61	61	61	61	61	61	61	61	61	61	61	61	61	61	61	61	61	61	61	61	61	61	61	61	
30	30	30	30	30	30	30	30	30	30	30	30	30	30	11	11	11	11	11	11	11	11	11	11	11	11	11	11	11	11	
61	61	61	61	61	61	61	61	61	61	61	61	4	4	4	4	4	4	4	4	4	4	4	4	4	4	4	4	4	4	4	4	4	4	4	4	4	4	4	4	4	4	4	4	4	4	4	4	4	4	4	4	4	4	4	4	

