290	290	290	290	290	290	290	290	290	290	290	290	290	290	290	290	290	290	290	290	290	290	290	290	290	290	290	290	290	290	290	290	290	290	290	290	290	290	290	290	290	290	290	290	290	290	290	290	290	290	290	290	290	374	374	374	374	374	374	374	374	374	374	374	374	374	374	374	374	374	374	374	374	374	374	374	374	374	374	374	374	374	
568	568	568	568	568	568	568	568	568	568	568	568	568	568	568	568	568	568	568	568	568	568	568	568	568	568	568	568	568	568	568	568	568	568	568	568	568	568	568	568	568	568	568	568	568	568	568	568	568	568	568	568	568	568	568	568	
969	969	969	969	969	969	969	969	969	969	969	969	969	969	969	969	969	969	969	969	969	969	969	969	969	969	969	969	240	240	240	240	240	240	240	240	240	240	240	240	143	143	143	143	143	143	568	568	568	568	568	568	568	568	568	568	568	568	568	568	568	568	132	
568	568	568	568	568	568	568	568	568	568	568	568	568	568	568	568	568	568	568	568	568	568	568	568	568	568	568	568	568	568	568	568	568	348	348	348	348	348	348	348	348	348	348	348	348	348	348	348	348	348	348	348	348	348	348	
969	969	969	969	969	969	969	969	969	969	969	969	969	969	969	969	969	969	969	969	969	969	969	969	969	969	969	969	969	969	969	969	969	969	969	969	969	143	143	143	143	143	143	143	143	143	143	143	143	143	143	208	208	132	132	132	132	132	
143	143	143	568	568	568	568	568	132	132	132	132	132	132	348	348	348	348	348	348	348	348	348	348	348	348	348	348	348	348	348	348	348	348	348	348	348	348	348	348	348	326	326	326	326	326	326	326	326	326	326	326	326	326	
969	969	969	969	969	969	969	969	969	969	969	969	969	969	969	969	969	969	969	969	969	969	969	969	969	969	969	969	969	969	969	969	969	969	969	969	969	969	969	969	969	969	969	969	969	
568	568	132	132	132	132	348	348	348	348	348	348	348	348	348	348	348	348	348	348	348	348	348	348	348	348	348	348	348	348	348	348	348	348	348	348	326	326	326	326	326	326	326	326	326	326	326	326	326	326	326	326	326	326	326	326	326	294	294	294	294	294	
969	969	969	969	969	969	969	969	969	969	969	969	969	969	969	969	969	969	969	969	240	240	240	240	240	240	240	240	240	240	240	240	240	240	143	143	143	143	568	568	568	568	568	568	568	568	568	568	132	132	132	132	132	132	132	132	132	
143	143	568	568	568	568	568	568	568	132	132	132	132	132	132	132	348	348	348	348	348	348	348	348	348	348	348	348	348	348	348	348	348	348	348	348	348	348	348	326	326	326	326	326	326	326	326	326	326	326	326	326	326	326	326	
969	969	969	969	969	969	969	969	969	969	969	969	969	969	969	969	969	969	969	969	969	969	969	969	969	969	969	969	969	969	969	969	969	969	969	969	969	969	969	969	969	969	969	240	240	240	240	240	240	240	240	240	240	240	240	240	240	
568	568	568	568	568	568	568	568	568	568	568	568	568	568	568	568	568	568	568	568	568	568	568	568	568	348	348	348	348	348	348	348	348	348	348	348	348	348	348	348	348	348	348	348	348	348	348	348	348	348	348	348	348	348	348	348	348	
969	969	969	969	969	969	969	969	969	969	969	969	969	969	969	969	969	969	969	969	969	969	969	969	969	969	969	969	969	969	969	969	969	240	240	240	240	240	240	240	240	240	240	240	240	
568	568	568	568	568	568	568	568	568	132	132	132	348	348	348	348	348	348	348	348	348	348	348	348	348	348	348	348	348	348	348	348	348	348	348	348	348	348	348	348	348	348	348	348	348	348	348	348	348	348	348	348	348	348	348	348	348	
969	969	969	969	969	969	969	969	969	969	969	969	969	969	290	290	290	290	290	290	290	290	290	290	290	290	290	290	579	579	579	579	579	579	579	374	374	374	374	374	374	
132	132	132	132	132	132	132	132	132	132	132	132	568	568	568	568	568	568	568	348	348	348	348	348	348	348	348	348	348	348	348	348	348	348	348	348	348	348	348	348	348	348	348	348	348	348	348	348	348	348	348	348	348	348	348	348	348	348	348	348	
969	969	969	969	969	969	290	290	290	290	290	290	290	290	290	290	290	290	579	579	579	579	579	579	579	579	579	579	579	579	579	579	579	579	579	579	579	579	579	579	579	579	165	165	165	165	165	165	165	165	165	165	165	165	165	165	165	165	165	
568	568	568	568	132	132	132	132	132	132	132	348	348	348	348	348	348	348	348	348	348	348	348	348	348	348	348	348	348	348	348	348	348	348	348	348	348	348	348	348	348	348	348	348	348	348	348	348	348	348	348	348	348	348	348	348	348	348	348	348	348	
290	290	290	290	290	290	290	290	290	290	290	290	290	290	290	290	290	290	290	290	290	290	290	290	290	290	290	290	290	290	290	290	290	290	290	290	290	290	579	579	579	579	579	579	579	579	579	579	579	579	579	579	579	579	579	579	579	579	579	579	579	579	579	579	579	579	579	579	579	579	579	579	579	579	579	579	579	579	579	579	579	579	579	579	579	579	
568	568	568	568	568	883	568	568	132	132	132	132	132	348	348	348	348	348	348	348	348	348	348	348	348	348	348	348	348	348	348	348	348	348	348	348	348	348	348	348	348	348	348	348	348	348	348	348	348	348	348	348	348	348	348	348	
969	969	969	969	969	969	969	969	969	969	969	969	969	969	969	969	969	969	969	969	969	969	969	969	969	969	969	240	240	240	240	240	240	240	240	240	240	240	240	240	240	240	240	240	240	240	240	240	472	472	472	472	472	472	568	568	568	
348	348	348	348	348	348	348	348	348	348	348	348	348	348	348	348	348	348	348	348	348	348	348	348	348	348	348	348	348	348	348	348	348	326	326	326	326	326	326	326	326	326	326	326	326	326	326	326	326	326	326	326	326	326	326	326	326	294	294	294	294	294	294	294	294	294	294	294	294	
969	969	969	969	969	969	969	969	969	969	969	969	969	969	969	969	969	969	969	969	969	969	969	969	969	969	969	969	969	969	969	969	969	969	969	969	969	969	969	969	969	969	969	240	240	240	240	240	240	240	240	240	
568	568	568	568	568	883	883	883	132	132	132	132	348	348	348	348	348	348	348	348	348	348	348	348	348	348	348	348	348	348	348	348	348	348	348	348	348	348	348	326	326	326	326	326	326	326	326	326	326	326	326	
969	969	969	969	969	969	969	969	969	969	969	969	969	969	969	969	969	969	969	969	969	969	969	969	969	969	969	969	969	969	969	969	969	969	969	969	969	969	969	969	969	969	969	969	969	969	969	969	969	969	969	
568	568	568	568	568	568	883	883	883	883	883	132	132	132	348	348	348	348	348	348	348	348	348	348	348	348	348	348	348	348	348	348	348	348	348	348	348	348	348	348	348	348	348	348	348	348	348	326	326	326	326	326	326	326	
969	969	969	969	969	969	969	969	969	969	969	969	969	969	969	969	969	969	969	969	969	969	969	969	969	969	969	969	969	969	969	969	969	969	969	969	969	969	969	
568	568	568	568	568	568	568	568	568	568	568	568	568	568	568	568	568	568	568	568	568	568	568	568	568	568	568	568	568	568	568	568	568	568	568	568	568	568	568	568	568	568	568	568	568	568	568	568	
969	969	969	969	969	969	969	969	969	969	969	969	969	969	969	969	969	969	969	969	969	969	969	969	240	240	240	240	240	240	
568	568	568	568	132	132	132	132	132	348	348	348	348	348	348	348	348	348	348	348	348	348	348	348	348	348	348	348	348	348	348	348	348	348	348	348	348	348	348	348	348	348	348	348	348	348	348	348	348	348	348	348	348	348	348	348	

