550	47	47	47	47	47	47	47	47	47	47	47	47	47	47	47	47	47	47	30	30	30	30	30	30	30	30	30	30	30	30	30	30	30	30	30	30	30	30	30	30	30	30	30	30	30	928	928	928	30	30	30	30	928	928	928	928	928	928	30	30	30	30	30	30	30	30	104	104	104	104	104	104	104	104	104	104	104	104	104	928	928	928	928	928	928	928	928	928	928	928	928	928	928	928	
47	550	550	550	550	550	550	550	550	47	767	47	47	47	47	186	767	767	767	767	767	767	767	767	767	767	767	767	767	767	47	47	550	550	550	550	550	550	550	550	550	550	550	550	47	47	550	550	550	550	550	550	767	47	767	767	767	767	767	767	767	767	767	767	767	767	767	767	767	767	767	767	47	47	550	550	550	550	550	550	550	550	550	550	47	550	550	47	550	47	47	
550	550	550	550	550	47	47	47	711	47	47	47	47	47	47	47	47	47	47	47	47	47	47	47	47	47	47	30	30	30	30	30	30	30	30	30	30	30	30	30	30	30	30	30	30	30	30	30	30	30	30	30	30	30	30	30	30	30	30	30	30	30	30	30	30	30	30	30	30	30	30	30	30	928	30	30	928	30	
550	550	550	550	550	550	550	550	550	550	550	47	47	47	47	47	47	47	767	767	767	767	767	767	767	767	767	767	767	767	767	767	767	767	47	550	550	550	550	550	47	47	47	47	47	47	47	47	47	767	47	47	550	550	767	767	47	47	47	47	767	767	767	767	767	767	767	767	767	767	767	767	767	767	767	767	767	767	767	550	550	550	550	47	47	47	47	47	767	767	47	47	47	47	47	767	767	767	767	767	767	767	767	767	767	767	767	767	767	767	767	767	767	767	767	767	767	767	767	767	767	767	767	767	767	767	767	767	767	767	
550	550	550	550	550	550	550	550	550	550	550	550	47	47	47	47	47	47	47	47	47	47	47	47	47	550	47	550	550	550	47	47	47	550	550	550	550	550	550	547	547	547	547	547	547	547	547	547	547	547	547	547	547	550	550	550	550	550	550	47	47	47	47	47	47	47	47	47	47	47	47	47	47	47	47	47	550	550	550	550	550	550	550	550	47	47	47	767	767	767	767	767	767	767	767	767	767	47	550	711	711	550	550	550	550	47	47	47	928	47	47	47	47	47	47	
550	550	550	550	550	550	550	550	550	550	550	550	47	47	47	47	47	47	47	47	47	47	47	47	47	47	47	47	47	47	47	47	47	47	47	47	550	550	550	550	550	550	550	550	550	550	550	550	550	550	550	550	550	550	550	550	550	550	47	47	47	47	47	47	767	767	767	767	767	767	767	767	767	767	767	767	767	767	767	767	767	767	767	47	47	550	550	550	550	550	550	47	47	47	47	47	47	47	47	550	47	550	47	767	767	767	47	47	47	767	767	767	767	767	767	767	767	767	767	767	767	767	767	767	767	767	767	
550	550	550	550	550	550	550	550	550	550	767	767	767	767	47	47	47	47	47	47	47	47	47	767	767	767	767	767	767	767	767	767	767	767	767	550	550	550	550	550	550	550	550	550	550	550	550	550	550	550	550	550	550	550	767	767	767	767	767	47	47	47	47	47	47	47	47	47	47	767	47	47	47	47	47	47	47	767	767	767	767	767	767	767	767	767	767	767	767	767	767	767	767	767	767	767	767	767	767	767	767	767	47	47	47	47	47	47	47	767	767	767	767	767	
550	550	550	550	550	550	550	550	550	550	550	767	47	47	47	47	47	186	186	47	47	47	47	47	47	47	47	767	767	767	767	767	47	47	47	550	550	550	550	550	47	47	47	767	767	767	767	767	767	47	47	47	47	550	550	550	47	47	47	47	47	47	767	767	767	767	767	767	767	767	767	767	767	767	767	767	767	767	767	767	767	550	550	550	47	47	767	767	47	47	767	767	47	767	767	47	47	47	47	47	47	767	767	767	767	767	767	767	767	767	767	767	767	767	767	767	767	
550	550	550	550	550	550	550	550	550	47	550	47	47	47	47	47	47	47	47	47	767	47	47	47	47	550	47	767	767	47	47	47	550	550	550	550	550	550	550	550	550	550	550	550	550	550	550	550	550	547	550	550	550	550	550	550	550	47	47	47	47	47	47	47	47	47	47	47	47	47	47	47	47	47	47	47	550	550	550	550	550	767	767	767	767	767	767	767	767	767	767	767	767	767	767	47	47	47	47	47	47	47	47	47	47	47	47	47	47	47	47	47	
550	550	550	550	550	550	550	550	767	47	47	47	186	186	186	186	767	767	767	767	767	767	767	767	767	767	767	767	767	767	47	550	550	550	550	550	550	550	550	47	47	47	550	47	47	47	47	47	47	47	550	550	47	47	47	47	47	47	186	186	47	47	47	47	47	47	47	47	47	47	47	47	47	47	47	550	550	550	550	550	47	47	47	47	47	767	767	47	47	47	47	47	47	550	47	47	47	47	47	47	767	767	767	767	767	767	767	767	767	767	767	767	767	767	767	767	767	47	767	767	550	550	767	767	767	767	767	767	767	
550	550	550	550	550	550	550	550	550	550	550	767	767	767	767	47	47	47	47	47	47	47	47	47	47	47	47	47	47	47	47	47	47	767	767	767	767	767	550	550	550	550	550	550	550	550	550	550	550	550	550	550	550	550	550	550	550	550	550	550	767	767	47	47	47	47	47	47	47	47	47	47	47	47	47	47	47	47	47	47	767	767	767	767	550	550	550	550	767	767	767	767	767	767	767	767	767	767	767	767	767	767	767	767	767	767	767	767	767	767	767	767	767	767	767	767	
550	550	550	550	550	550	550	550	550	550	550	550	550	47	47	47	47	47	47	767	767	767	767	767	767	767	767	767	767	767	767	767	767	767	767	550	550	550	550	550	550	550	550	550	550	550	550	550	47	550	550	550	550	550	550	550	550	550	47	47	47	47	47	47	47	767	767	767	767	767	767	767	767	767	767	767	767	767	767	767	767	767	47	47	550	550	550	550	550	550	767	47	767	47	47	47	550	550	550	47	550	550	47	47	47	47	47	47	47	767	767	767	767	767	767	767	767	767	767	767	767	767	767	767	767	767	767	767	767	550	47	47	47	767	767	767	767	767	767	767	767	47	47	47	767	767	767	767	767	47	47	47	47	47	767	767	767	767	767	767	767	767	
550	550	550	550	550	550	550	550	767	767	767	767	767	767	767	767	47	47	47	47	47	47	47	47	47	47	47	47	47	47	47	47	767	767	767	767	767	550	550	550	550	550	550	550	550	550	550	550	550	550	550	550	550	550	550	550	767	767	767	767	47	47	47	47	767	767	767	767	767	767	767	767	767	767	767	767	767	767	47	767	767	767	767	767	767	767	767	767	767	767	767	767	767	767	767	767	767	767	767	767	767	767	767	767	767	767	767	767	767	767	767	767	767	767	767	767	767	767	767	767	767	767	767	767	767	767	767	767	767	767	767	767	767	767	767	767	767	
767	767	767	767	767	550	711	711	711	711	711	186	186	186	186	186	186	767	767	767	767	767	767	767	767	767	767	767	767	711	711	711	711	711	711	550	550	550	550	550	550	550	550	550	550	550	550	550	550	550	550	550	550	711	711	711	711	186	186	186	186	767	767	767	767	767	767	767	767	767	767	711	711	711	711	711	711	711	711	711	550	790	790	550	550	550	550	550	550	550	550	550	550	550	550	550	550	550	711	186	186	186	186	186	711	767	767	767	767	767	767	767	767	711	711	711	711	711	711	711	711	711	550	550	550	550	550	767	767	711	767	767	767	
550	550	550	550	550	550	550	550	550	550	550	550	550	550	47	47	47	47	47	47	47	47	47	47	47	47	47	47	47	47	47	47	47	47	550	550	550	550	550	550	550	550	550	550	550	550	550	550	550	550	550	547	550	550	550	550	550	47	47	47	47	47	47	47	47	47	47	47	47	47	47	47	47	47	47	47	47	550	550	550	550	550	550	767	767	767	767	767	767	767	47	47	550	767	767	550	550	550	550	47	47	47	47	47	47	47	47	47	47	47	47	
550	550	550	550	550	711	711	711	711	47	47	186	186	186	186	186	767	767	767	767	767	767	767	767	767	767	767	767	767	767	47	47	47	550	550	550	550	550	550	550	550	550	550	550	550	550	550	550	550	550	550	550	550	550	47	47	47	186	186	186	767	767	767	767	767	767	767	767	767	767	767	767	767	767	767	767	47	47	550	550	550	550	550	550	767	47	767	767	767	767	767	767	767	767	767	767	767	47	550	47	47	47	47	47	47	47	767	767	767	767	767	767	767	767	767	
550	550	550	550	550	550	550	550	550	767	767	767	767	767	767	47	47	47	47	47	47	47	47	47	47	47	47	47	47	47	767	767	767	767	550	550	550	550	550	550	550	550	550	550	550	550	550	550	550	550	550	550	550	767	767	767	47	47	47	47	767	47	767	767	767	767	47	47	47	47	47	767	767	767	767	767	767	550	550	550	550	550	550	550	550	550	550	550	767	767	767	767	767	767	767	767	767	767	767	767	767	767	767	767	767	767	767	767	767	767	767	767	767	47	767	767	767	767	767	767	767	767	767	767	767	
550	550	550	550	550	550	550	550	47	47	47	47	47	47	47	47	767	767	767	767	767	767	767	767	767	767	767	767	767	767	767	47	47	550	550	550	550	550	550	47	47	47	47	47	47	47	47	47	47	550	47	47	47	550	550	550	47	47	47	47	47	47	767	767	767	767	767	767	767	767	767	767	767	767	767	767	767	767	767	550	550	550	550	550	550	550	550	550	550	550	550	550	550	550	550	550	550	550	550	767	47	47	47	47	47	767	767	767	767	767	767	767	767	767	767	767	767	767	767	767	767	767	47	47	767	550	550	550	550	47	47	47	47	47	47	47	47	47	767	767	47	767	47	47	47	47	47	47	767	767	767	767	767	767	767	767	767	767	
767	767	767	767	767	767	767	767	767	767	767	767	767	767	550	550	550	550	550	550	550	550	550	550	550	550	550	550	550	550	550	550	550	550	550	767	767	550	47	47	47	47	47	47	47	47	47	47	47	47	47	47	47	47	47	47	47	47	767	767	550	550	550	550	550	550	550	550	550	550	767	767	767	767	767	767	767	767	767	767	767	47	47	47	47	47	47	47	767	767	767	767	767	767	767	767	767	767	767	767	767	47	767	767	767	767	767	767	767	767	767	767	
550	550	550	550	550	550	550	550	550	550	47	767	47	47	47	47	47	47	47	47	47	47	47	47	47	47	47	47	47	47	47	47	47	550	550	550	550	550	550	550	550	550	550	550	550	550	550	550	550	550	550	550	550	550	550	47	47	47	47	47	47	47	767	767	767	767	767	767	767	767	767	767	767	767	767	767	767	47	47	47	550	550	550	550	550	550	550	550	550	47	47	550	550	
550	550	550	550	30	30	30	47	47	47	47	47	47	47	47	47	47	47	47	47	47	47	47	47	47	30	30	30	30	30	550	550	550	550	550	550	547	550	550	547	547	30	30	30	30	30	30	30	30	30	30	30	30	30	47	47	47	30	47	30	30	30	30	928	928	928	30	30	30	30	30	30	30	30	30	30	30	547	30	547	30	30	550	711	711	478	550	928	928	928	928	928	928	47	928	928	928	928	928	928	928	928	928	928	
767	767	767	767	767	550	550	550	767	767	47	47	47	186	186	186	186	186	186	186	186	186	186	186	186	186	186	47	47	47	47	47	47	47	550	550	550	550	550	550	550	550	550	550	550	550	550	550	550	550	550	550	550	550	550	550	550	47	47	47	47	47	47	47	47	47	767	767	767	767	767	47	47	186	47	47	47	47	47	47	550	550	550	550	550	550	550	550	550	550	550	550	550	550	550	550	550	550	550	550	550	550	47	47	47	47	47	47	47	767	767	767	767	767	767	767	767	767	767	767	767	767	767	47	767	550	550	550	550	550	550	550	550	550	550	550	550	550	550	550	550	550	47	47	47	47	47	47	767	767	767	767	767	767	767	767	767	767	767	767	
550	550	550	550	550	550	550	47	47	47	47	47	47	47	186	186	47	47	186	47	47	47	47	47	47	47	47	47	47	550	550	550	550	550	550	550	550	550	550	550	550	550	550	550	550	550	550	550	550	550	550	47	767	767	47	47	47	47	767	767	767	767	767	767	767	767	767	767	767	767	767	767	767	767	767	767	550	550	550	550	550	550	550	550	550	550	550	550	550	550	550	550	550	550	550	550	550	47	47	47	47	47	47	767	767	767	767	767	767	767	767	767	767	767	767	767	767	767	767	767	767	767	767	550	550	550	550	550	550	550	550	550	550	550	550	550	550	
550	550	550	550	550	550	550	550	550	550	767	767	767	767	767	767	767	767	186	186	47	47	47	47	47	47	47	47	767	767	767	767	767	767	767	767	767	767	767	550	550	550	550	550	550	550	550	550	550	550	550	550	550	550	550	550	767	767	767	767	767	767	767	767	767	767	47	47	47	47	47	47	47	47	47	47	47	47	767	767	767	767	767	767	767	767	767	767	550	550	767	767	767	767	767	767	767	767	767	767	767	767	767	767	767	767	767	767	767	767	767	767	47	47	767	767	47	47	47	47	47	767	767	767	767	767	767	767	767	767	767	767	767	767	767	767	767	767	767	767	767	767	767	767	767	767	767	767	767	767	767	767	767	767	767	767	767	767	767	
550	550	550	550	550	550	550	550	550	711	711	711	711	711	711	186	186	186	186	186	186	186	186	186	186	186	186	186	186	186	186	186	186	47	711	711	711	550	550	550	550	550	550	550	550	550	550	550	550	550	550	550	550	550	550	550	550	711	711	711	186	186	186	186	186	186	186	186	186	186	186	186	186	186	186	186	186	186	186	186	550	550	550	550	550	550	550	550	550	550	550	550	550	550	550	550	550	550	550	550	550	550	550	47	47	186	186	767	767	767	767	767	767	767	767	767	767	767	767	767	550	550	550	550	550	47	47	47	550	550	550	550	550	550	550	550	550	550	

