767	767	767	767	767	767	767	767	767	767	47	47	47	47	47	47	47	47	47	47	47	47	47	47	47	47	47	47	550	550	550	47	550	550	550	550	30	30	30	30	30	30	30	30	30	30	30	30	30	30	30	30	30	30	30	30	30	928	30	30	928	928	928	928	928	928	928	928	928	928	928	928	928	928	928	928	928	928	928	928	928	928	
47	47	47	47	47	47	47	47	47	47	47	47	767	767	767	767	767	767	47	767	767	767	767	767	767	767	767	767	767	767	767	767	767	767	767	767	767	767	767	767	767	767	767	767	767	767	767	767	767	767	767	767	767	767	767	767	
767	767	767	767	767	767	47	47	47	767	767	47	47	47	47	47	47	767	767	767	767	767	767	767	767	767	767	767	767	767	767	767	767	767	767	767	767	767	767	767	767	767	767	767	767	767	767	47	767	47	47	47	47	767	767	767	767	767	767	767	767	767	767	
47	47	47	47	47	47	47	47	47	47	47	47	767	767	767	767	767	767	767	767	767	767	767	767	767	767	767	767	767	767	767	767	767	767	767	767	767	767	767	767	767	767	767	767	767	767	767	767	767	767	767	767	767	767	767	
47	47	47	47	47	47	47	47	47	47	47	47	47	47	47	47	47	47	550	550	47	550	550	47	550	550	47	47	47	47	47	550	550	550	550	550	550	30	30	30	30	30	30	30	30	30	30	30	30	30	30	30	30	30	30	30	30	30	
711	711	711	711	47	47	47	47	767	47	47	767	767	47	767	767	711	711	711	711	711	186	186	186	47	47	47	47	47	47	47	47	47	47	47	47	47	711	711	711	47	47	47	47	47	47	47	47	47	47	47	47	47	767	
767	767	767	767	767	767	767	767	767	767	767	767	767	767	767	767	767	767	767	767	767	767	767	767	767	767	767	767	767	767	767	767	767	767	767	767	767	767	767	767	767	767	767	767	767	
767	767	767	767	767	767	767	767	767	711	711	711	711	711	711	711	711	47	711	711	711	711	711	711	767	767	767	767	767	767	767	767	767	767	47	47	47	47	47	47	47	767	767	767	767	767	47	47	767	767	47	767	767	767	767	767	767	767	767	767	767	767	
767	767	767	767	711	767	711	711	711	47	711	711	711	47	767	767	767	767	767	767	767	767	767	767	767	767	767	767	767	767	767	767	767	767	767	767	767	767	767	767	767	47	767	47	47	47	47	767	767	767	767	767	767	767	767	767	767	
186	186	186	186	186	186	186	186	186	186	47	47	711	711	711	186	186	186	186	186	186	186	186	186	186	186	186	186	186	186	186	186	186	186	186	186	186	186	186	186	186	186	186	186	186	186	186	186	711	711	711	711	711	711	711	
767	767	767	767	767	767	767	767	767	767	767	767	767	767	767	767	767	767	767	767	767	767	767	767	767	767	767	767	767	767	767	767	767	767	767	767	767	767	767	767	767	767	767	767	767	767	767	767	767	767	767	767	767	767	767	767	767	
47	47	47	47	47	47	47	47	47	47	47	47	47	47	767	767	767	767	767	767	767	767	767	767	767	767	767	767	767	47	767	767	767	767	767	767	767	767	767	767	767	767	767	767	767	767	767	767	767	767	767	767	767	767	767	767	767	
767	767	767	767	767	767	767	767	767	767	767	767	767	767	767	767	767	767	767	767	767	767	767	767	767	767	767	767	767	767	767	767	767	767	767	767	767	767	767	767	767	767	767	767	767	
47	47	47	47	47	47	47	47	47	47	47	47	47	47	47	767	767	767	47	47	47	47	767	767	767	767	767	767	767	767	767	767	767	767	767	767	767	47	47	47	767	767	767	767	767	767	767	767	767	767	767	767	767	767	767	767	767	
550	550	550	550	550	550	550	711	767	47	550	550	550	550	550	550	550	550	550	550	550	550	711	711	711	711	711	711	711	711	711	711	711	711	711	711	711	711	711	711	711	
47	47	47	47	47	47	47	47	47	47	47	767	767	767	767	767	767	767	767	767	767	767	767	767	767	767	767	767	767	767	767	767	767	767	767	767	767	767	767	767	767	767	767	767	767	767	767	767	767	767	767	767	767	767	767	767	767	767	767	767	
711	767	767	767	767	767	767	767	767	767	767	767	767	767	767	767	767	767	767	767	767	767	767	767	767	767	767	767	767	767	767	711	711	767	711	711	711	711	711	711	767	767	767	767	767	767	767	767	767	711	711	767	767	767	767	767	767	767	767	
47	47	47	47	47	47	47	47	47	47	47	47	47	47	47	47	47	47	47	47	767	47	767	767	767	767	767	767	767	767	767	767	47	767	767	767	767	767	767	767	767	767	767	767	767	767	767	767	767	767	767	767	767	767	767	767	767	767	767	767	767	
767	767	767	767	767	767	767	767	767	767	767	767	767	767	767	767	767	767	767	767	767	767	767	767	767	767	767	767	767	767	767	767	767	767	767	767	767	767	767	767	767	767	767	767	767	767	767	767	767	767	767	767	767	767	767	767	767	767	767	767	767	767	767	767	767	767	767	767	767	767	767	767	767	767	767	767	767	767	767	767	767	767	767	767	767	767	
47	767	711	47	767	47	47	47	47	47	47	47	767	767	767	767	767	767	767	767	767	767	767	767	767	767	767	767	767	767	767	767	767	767	767	767	767	767	767	767	767	767	767	767	767	767	767	767	767	767	767	767	767	767	767	767	
767	767	767	767	767	767	767	767	767	767	767	767	767	767	767	767	767	767	767	767	767	767	767	767	767	767	767	767	767	767	767	767	767	767	767	767	767	767	767	767	767	767	767	767	767	767	767	767	767	767	767	767	767	767	767	767	767	
767	767	767	767	767	767	767	767	767	767	767	767	767	767	767	767	767	767	767	767	767	767	767	767	767	767	767	767	767	767	767	767	767	767	767	767	767	767	767	767	767	767	767	767	767	767	767	767	767	767	767	767	767	767	767	767	767	767	767	767	767	767	767	767	767	767	767	767	767	
767	767	767	767	767	767	767	767	767	767	767	767	767	767	767	767	767	767	767	767	767	767	767	767	767	767	767	767	767	767	767	767	767	767	767	767	767	767	767	767	767	767	767	767	767	767	767	767	767	767	767	767	
767	767	767	711	711	711	711	711	711	711	711	711	711	711	711	711	711	767	767	767	767	767	767	767	767	767	767	767	767	767	767	47	47	767	47	767	767	767	767	767	767	767	47	767	767	767	767	767	767	767	767	
767	767	767	767	767	767	767	767	767	767	767	767	767	767	767	767	767	767	767	767	767	767	767	767	767	767	767	767	767	767	767	767	767	767	767	767	767	767	767	767	767	767	767	767	767	767	767	767	767	767	767	
767	767	711	767	711	711	711	711	767	47	47	47	767	47	767	767	47	767	767	767	767	767	767	767	767	767	767	767	767	767	767	767	767	767	767	767	767	767	767	47	47	47	47	767	47	767	767	767	767	767	767	767	767	767	
767	767	767	767	767	767	767	767	767	767	767	767	767	767	767	767	767	767	767	767	767	767	767	767	767	767	767	767	767	767	767	767	767	767	767	767	767	767	767	
47	47	47	47	47	47	47	47	47	47	767	767	767	767	767	767	767	767	767	767	767	767	767	767	767	767	767	767	767	767	767	767	767	767	767	767	767	767	767	767	767	767	767	767	767	767	767	767	
767	767	767	767	767	767	767	767	767	767	767	767	767	767	767	767	767	767	767	767	767	767	767	767	767	767	767	767	767	767	
47	767	767	47	47	47	47	47	47	47	47	47	47	47	47	767	767	767	767	767	767	767	767	767	767	767	767	767	767	767	767	767	767	767	767	767	767	767	767	767	767	767	767	767	767	767	767	767	767	767	767	767	767	767	767	767	

