767	767	767	767	767	767	767	767	767	767	767	767	767	767	767	767	767	767	767	767	767	767	767	767	767	767	767	767	767	767	767	767	767	767	767	767	767	767	767	767	767	767	767	767	767	767	767	767	767	767	767	767	767	767	767	767	767	767	767	767	767	767	767	767	767	767	767	767	767	767	767	
767	767	767	767	767	767	767	767	767	767	767	767	767	767	767	767	767	767	767	767	767	767	767	767	767	767	767	767	767	767	767	767	767	767	767	767	767	767	767	767	767	767	767	767	767	767	767	767	767	767	767	767	767	767	767	767	767	767	767	767	767	767	767	767	767	767	767	767	767	767	767	767	767	767	767	767	767	767	767	767	767	
550	550	550	767	767	767	767	767	767	767	767	767	767	767	47	47	47	47	47	47	47	47	767	767	767	767	767	767	767	767	767	767	767	767	767	767	767	767	767	767	767	767	767	767	767	767	767	767	767	767	767	767	767	767	767	767	767	767	767	767	767	767	767	767	767	767	767	767	767	767	767	
711	711	711	711	711	711	711	711	711	711	711	767	711	550	47	47	767	767	767	767	550	550	550	550	550	550	550	550	550	767	767	767	767	711	711	711	711	711	711	711	711	711	767	767	767	767	550	550	550	550	711	711	767	767	767	767	767	767	767	767	711	711	
767	767	767	767	767	767	767	767	767	767	767	767	767	767	550	767	767	767	767	767	767	767	767	767	767	767	767	767	767	767	767	767	767	767	767	767	767	767	767	767	767	767	767	767	767	767	767	767	767	767	767	767	767	767	767	767	767	767	767	767	767	767	767	767	767	767	767	767	767	767	767	767	767	767	767	767	767	767	767	767	
767	767	767	767	767	767	767	767	767	767	767	767	767	767	767	767	767	767	767	767	767	767	767	767	767	767	767	767	767	767	767	767	767	767	767	767	767	767	767	767	767	767	767	767	767	767	767	767	767	767	767	767	767	767	767	767	767	767	767	767	767	767	767	
767	767	767	47	47	47	550	767	767	767	767	767	767	767	767	767	767	767	767	767	767	767	767	767	767	47	47	47	767	767	767	767	767	767	767	767	767	767	767	767	767	767	767	767	767	767	767	767	767	767	767	767	767	767	767	767	767	767	767	767	767	47	767	47	47	767	767	767	767	767	767	767	767	767	767	767	767	767	767	767	767	767	767	
767	767	767	767	767	767	767	767	767	767	767	767	767	767	767	767	767	767	767	767	767	767	767	767	767	767	767	767	767	767	767	767	767	767	767	767	767	767	767	767	767	767	767	767	767	767	767	767	767	767	767	767	767	767	767	767	767	767	767	767	767	767	767	767	
550	550	550	550	550	47	47	767	767	767	767	767	767	767	767	767	767	767	767	767	767	767	767	767	767	767	767	767	767	767	767	767	767	767	767	767	767	767	767	767	767	767	767	767	767	767	767	767	767	767	767	767	767	767	767	767	767	767	767	767	767	767	767	767	767	767	767	767	767	767	767	767	767	767	767	767	767	
767	767	767	767	767	767	767	767	767	767	767	767	767	767	767	767	767	767	767	767	767	767	767	767	767	767	767	767	767	767	767	767	767	767	767	767	767	767	767	767	767	767	767	767	767	767	767	767	767	767	767	767	767	767	767	767	767	767	
767	767	767	767	550	767	767	767	767	767	767	767	767	767	767	767	767	767	767	767	767	767	767	767	767	767	767	767	767	767	767	767	767	767	767	767	767	767	767	767	767	767	767	767	767	767	767	767	767	767	767	767	767	767	767	767	767	767	767	767	767	767	767	767	767	767	767	767	767	767	767	767	767	767	767	767	767	
767	767	767	767	767	767	767	767	767	767	767	767	767	767	767	767	767	767	767	767	767	767	767	767	767	767	767	767	767	767	767	767	767	767	767	767	767	767	767	767	767	767	767	767	767	767	767	767	767	767	767	767	767	767	767	767	767	767	767	767	767	767	767	767	767	767	767	767	767	767	767	767	767	767	767	767	
767	767	767	767	767	767	767	767	767	767	767	767	767	47	47	47	47	47	47	47	47	767	767	767	767	767	767	47	767	47	767	767	767	767	767	767	767	767	767	767	767	767	767	767	767	767	767	767	767	767	767	767	767	767	767	767	767	767	767	767	767	767	767	767	767	767	767	767	767	767	767	767	767	767	767	767	767	767	767	
711	767	767	767	767	550	767	767	767	767	767	550	767	767	767	767	711	550	711	711	711	711	711	711	711	711	711	30	30	30	30	30	30	30	30	30	30	30	30	30	30	30	30	30	478	478	478	478	478	478	478	478	478	478	478	478	478	478	478	478	478	478	210	210	210	478	210	
767	767	767	767	767	767	767	767	767	767	767	767	767	767	767	767	767	767	767	767	767	767	767	767	767	767	767	767	767	767	767	767	767	767	767	767	767	767	47	47	47	47	47	47	47	47	47	47	47	47	47	47	767	767	47	47	47	47	47	47	47	767	767	767	767	767	767	767	767	767	767	767	767	767	767	767	47	47	47	47	47	47	47	767	767	767	767	767	767	767	767	767	767	767	767	47	767	767	767	767	767	767	767	767	767	767	767	767	767	767	767	767	767	767	767	
767	767	767	767	767	767	767	767	767	767	711	767	767	767	767	767	767	767	767	767	767	767	767	767	767	767	767	711	711	711	711	711	711	711	711	711	711	711	711	711	711	711	711	711	711	711	711	711	711	711	711	711	711	711	711	711	711	711	711	711	711	711	711	711	711	711	711	711	711	711	711	711	711	711	711	
767	767	767	767	767	767	767	767	767	767	767	767	767	767	767	767	767	767	767	767	767	767	767	767	767	767	767	767	767	767	767	767	767	767	767	767	767	767	767	767	767	767	767	767	767	767	767	767	767	767	767	767	767	767	767	767	767	767	767	767	767	767	767	767	767	767	767	767	767	767	767	767	767	767	767	767	767	767	767	767	767	767	767	767	767	767	767	767	767	767	767	767	767	767	
711	711	711	711	711	711	767	767	767	550	550	550	550	550	550	550	550	550	550	550	550	550	550	550	550	550	550	550	711	711	711	711	30	30	30	30	711	550	550	550	711	711	711	711	550	550	711	711	711	711	711	711	711	711	711	711	711	711	711	711	550	550	550	550	
767	767	767	767	767	767	767	767	767	767	767	767	767	767	767	767	767	767	767	767	767	767	767	767	767	767	767	767	767	767	767	767	767	767	767	767	767	767	767	767	767	767	767	767	767	767	767	767	767	767	767	767	767	767	767	767	767	767	767	767	767	767	767	767	767	767	767	767	767	767	767	767	767	767	767	767	767	767	767	767	767	767	767	
767	767	767	767	767	767	767	767	767	767	767	767	767	767	767	767	767	767	767	767	767	767	767	767	767	767	767	767	767	767	767	767	767	767	767	767	767	767	767	767	767	767	767	767	767	767	767	767	767	767	767	767	767	767	767	
550	550	550	767	767	550	550	550	550	767	767	767	767	767	767	767	767	767	767	767	767	767	767	767	767	767	767	767	767	767	767	767	767	767	767	767	767	767	767	767	767	767	767	767	767	767	767	767	767	767	767	767	767	767	767	767	767	767	767	767	767	767	767	767	767	767	767	767	767	767	767	
767	767	767	767	767	767	767	767	767	711	767	550	767	767	767	767	767	550	550	550	550	550	550	550	550	550	550	550	550	711	711	711	711	711	711	711	711	711	711	550	550	550	550	550	550	550	550	550	550	550	550	550	550	550	550	550	550	550	711	711	711	711	711	
767	767	767	767	767	767	767	767	767	767	767	767	767	767	767	767	767	767	767	767	767	767	767	767	767	767	767	767	767	767	767	767	767	767	767	767	767	767	767	767	767	767	767	767	767	767	767	767	767	767	767	767	767	
767	767	767	767	767	767	767	767	767	767	767	767	767	767	767	767	767	767	767	767	767	767	767	767	767	767	767	767	767	767	767	767	767	767	767	767	767	767	767	767	767	767	767	767	767	767	767	767	767	767	767	767	767	767	767	767	767	767	767	767	767	767	767	767	
767	767	767	767	767	767	767	767	767	767	767	711	711	711	711	711	711	711	767	767	767	767	767	767	767	711	711	711	711	711	767	767	767	767	767	767	767	767	767	767	767	767	767	767	767	767	767	767	
767	767	767	767	767	767	767	767	767	767	767	767	767	767	767	767	767	767	767	767	767	767	767	767	767	767	767	767	767	767	767	767	767	767	767	767	767	767	767	767	767	767	767	767	767	767	767	767	767	767	767	767	767	767	767	767	767	767	767	767	767	767	767	767	767	767	767	
767	767	767	767	767	767	767	767	767	767	767	767	767	767	767	767	767	767	767	767	767	767	767	767	767	767	767	767	711	711	711	711	767	711	767	767	767	711	711	711	767	767	767	711	767	711	711	711	711	711	711	711	711	711	711	711	711	711	711	711	767	711	767	767	767	767	767	767	767	767	767	767	767	767	
767	767	767	767	767	767	767	767	767	767	767	767	767	767	767	767	767	767	767	767	767	767	767	767	767	767	767	767	767	767	767	767	767	767	767	767	767	767	767	767	767	767	767	767	767	767	767	767	767	767	767	767	767	767	767	767	767	767	
767	767	767	767	767	767	767	767	767	767	767	767	767	767	767	767	767	767	767	767	767	767	767	767	767	767	767	767	767	767	767	767	767	767	767	767	767	767	767	767	767	767	767	767	767	767	767	767	767	767	767	767	767	767	767	767	767	767	767	767	767	767	767	767	767	767	767	767	767	767	767	767	767	767	767	767	767	767	767	767	767	767	767	767	767	767	767	767	767	767	767	767	767	767	767	767	767	767	767	767	

