767	767	767	767	767	767	767	767	767	767	711	767	767	767	711	711	711	711	711	711	711	711	711	711	711	711	711	711	711	711	711	711	711	711	711	711	711	711	711	711	711	711	711	711	711	711	711	711	104	790	790	790	790	790	790	790	790	790	790	
767	767	767	767	767	767	767	767	767	767	767	767	767	767	767	767	767	767	767	767	767	767	767	767	767	767	767	767	767	767	767	767	767	767	767	767	767	767	767	767	767	767	767	767	767	767	767	767	767	767	767	767	767	
767	711	711	767	711	711	711	711	711	711	711	711	711	711	711	711	711	711	711	711	711	711	711	711	711	711	711	711	711	711	711	711	711	711	711	711	711	711	711	711	711	711	711	711	711	711	711	790	790	790	711	711	711	711	711	711	711	711	711	711	711	104	790	104	104	104	
767	767	767	767	767	767	767	767	767	767	767	767	767	767	767	767	767	767	767	767	767	767	767	767	767	767	767	767	767	767	767	767	767	767	767	767	767	767	767	767	767	767	767	767	767	767	767	767	767	767	767	767	767	767	767	767	767	767	767	767	767	767	767	767	767	767	767	767	
767	767	767	767	767	767	767	767	47	47	767	767	767	767	47	767	767	767	767	767	767	767	767	767	767	767	767	767	767	767	767	767	767	767	767	767	767	767	767	767	767	767	767	767	767	767	767	767	767	767	767	767	767	767	
767	767	767	767	767	767	767	767	767	767	711	711	711	550	550	550	550	550	550	550	550	550	711	711	711	711	711	711	711	711	711	711	711	711	711	550	550	550	550	550	550	550	711	711	711	711	711	711	711	711	711	711	711	711	711	711	711	711	711	711	
767	767	767	767	767	767	767	767	767	767	711	711	711	711	711	711	711	711	711	711	711	711	711	711	711	711	711	711	711	711	711	711	711	711	711	711	711	711	711	711	711	711	711	711	711	711	711	711	711	711	711	711	711	711	711	711	711	711	711	711	711	104	711	104	711	104	104	104	104	104	104	
767	767	767	767	767	767	767	767	767	767	767	767	767	767	767	767	767	767	767	767	767	767	47	47	767	767	767	767	767	767	767	767	767	767	767	767	767	767	767	767	767	767	767	
767	711	767	711	711	711	711	711	711	711	711	711	711	711	711	711	711	711	711	711	711	711	711	711	711	711	711	711	711	711	711	711	711	711	711	711	711	711	711	711	711	711	711	711	711	711	711	711	711	711	711	711	711	711	711	711	711	711	711	711	711	711	711	711	711	711	
767	767	767	767	767	767	767	767	767	711	47	47	47	711	711	711	47	711	711	711	711	711	767	767	767	767	767	767	767	767	767	767	767	767	767	767	767	767	767	767	767	767	767	711	47	47	47	47	47	47	
767	767	767	767	767	767	767	767	767	767	767	767	767	767	767	767	767	767	767	767	767	767	767	767	767	767	767	767	767	767	767	767	767	767	767	767	767	767	767	767	767	767	767	767	767	767	767	767	767	767	767	767	767	767	767	767	767	767	767	767	767	767	767	767	767	767	767	767	767	767	767	767	767	
767	767	767	767	767	767	767	767	767	767	767	767	711	711	711	767	550	550	550	550	550	550	550	550	550	711	711	711	711	711	711	711	711	711	550	550	550	550	550	550	550	550	550	550	550	711	711	711	711	711	711	711	711	711	711	711	711	711	711	711	711	
767	767	767	767	767	767	767	767	767	767	767	767	767	767	767	767	767	767	767	767	767	767	767	711	711	711	711	711	711	711	711	711	711	767	767	767	767	767	767	767	767	767	711	711	711	711	711	711	711	711	711	711	711	711	711	767	711	767	711	767	550	767	767	767	711	711	711	711	767	
767	767	767	767	767	767	767	767	767	767	767	767	767	767	767	767	767	767	767	767	767	767	767	767	767	767	767	767	767	767	767	767	767	767	767	767	767	767	767	767	767	767	767	767	767	767	767	767	767	767	767	767	767	767	767	767	767	767	767	767	767	767	767	767	767	767	767	767	767	767	767	767	767	767	
767	767	767	767	767	767	767	767	767	767	767	767	767	767	767	767	767	767	767	767	767	767	767	767	767	767	767	767	767	767	767	767	767	767	767	767	767	767	767	767	767	767	767	767	767	767	767	767	767	767	767	767	767	767	767	767	767	767	767	767	767	767	767	767	767	767	767	767	767	767	767	767	767	767	767	767	767	767	767	767	767	767	767	767	767	767	767	767	767	767	767	767	767	767	767	767	
767	767	767	767	767	767	767	767	767	767	767	767	767	767	767	767	767	767	767	767	767	767	767	767	767	767	767	767	767	767	767	767	767	767	767	767	767	767	767	767	767	767	767	767	767	767	767	767	767	767	767	767	
767	767	767	767	767	767	767	767	767	767	767	767	767	767	767	767	767	767	767	767	767	767	767	767	711	711	711	711	711	711	711	767	767	767	767	767	767	767	767	767	767	711	711	711	711	711	711	711	711	711	711	711	711	767	767	767	767	767	711	711	711	711	711	711	711	711	711	711	711	
767	767	711	767	767	767	767	767	767	711	711	47	47	47	47	47	47	47	711	711	711	711	711	711	711	711	711	711	711	711	711	711	711	711	711	711	711	711	711	711	711	711	711	30	30	30	30	30	30	30	30	30	104	104	104	104	104	104	711	711	790	790	790	790	790	790	
767	767	767	767	767	767	767	767	767	711	711	711	711	711	711	711	711	711	711	711	711	711	711	711	711	711	711	711	711	711	711	711	711	711	711	711	711	711	711	711	711	711	711	711	711	711	711	711	711	104	711	711	711	711	711	104	790	790	790	790	104	104	104	104	104	104	104	790	790	790	790	104	104	
767	767	767	767	767	767	767	767	767	711	47	711	711	47	47	47	711	711	711	711	711	711	767	711	711	711	711	711	711	711	711	767	767	711	711	711	711	767	767	767	767	711	711	711	711	711	711	711	711	711	711	711	711	711	
767	767	767	767	767	767	767	767	767	767	767	767	767	767	767	711	711	711	767	711	711	711	711	767	711	767	711	711	711	767	711	711	711	711	711	711	711	711	711	711	711	711	711	711	711	711	711	711	711	711	711	711	711	711	711	711	711	711	711	711	711	711	711	711	711	711	711	767	767	767	711	711	711	711	
767	47	767	711	711	711	711	711	711	711	711	711	550	550	711	711	711	711	711	711	711	711	711	711	711	711	711	711	711	550	550	550	104	104	104	104	104	104	478	478	478	478	104	104	104	104	104	104	104	104	104	104	104	478	104	
767	767	767	767	767	767	767	767	767	767	767	767	767	711	767	767	767	767	767	767	767	767	767	711	711	767	767	767	767	711	711	711	767	550	550	550	550	711	767	711	711	711	711	711	711	711	711	711	711	711	711	711	711	711	711	711	711	711	711	711	711	711	711	711	711	711	711	711	711	711	711	711	
711	711	711	711	711	711	711	767	767	550	550	550	550	550	550	550	550	550	550	550	550	550	550	550	550	550	550	550	550	550	550	550	550	550	550	104	711	
767	767	767	767	767	711	711	767	767	711	711	711	711	711	711	711	711	711	711	711	711	711	711	711	711	711	711	711	711	711	711	711	711	711	711	711	711	711	711	711	711	711	711	711	711	711	711	711	711	711	711	711	711	711	711	711	711	104	104	104	104	104	104	104	104	104	104	790	790	104	

