969	969	969	969	969	969	969	969	969	969	969	969	969	969	969	969	969	969	969	969	969	240	240	240	240	240	240	240	240	240	143	240	143	143	143	568	568	568	568	568	568	568	568	568	568	568	132	132	132	
132	132	132	348	348	348	348	348	348	348	132	348	348	132	132	132	132	132	132	132	132	132	132	132	132	132	568	568	568	568	568	568	568	568	568	568	568	568	568	568	568	568	568	568	568	568	568	568	568	568	568	568	568	568	
969	969	969	969	969	969	969	969	969	969	969	969	969	969	969	969	969	969	969	969	969	969	969	969	969	969	969	969	969	969	969	969	969	969	969	969	969	969	969	969	969	969	969	1006	1006	1006	1006	1006	1006	1006	1006	1006	1006	1006	1006	1006	
568	568	568	568	240	240	240	240	240	240	240	240	240	240	240	240	969	969	969	969	969	969	969	969	969	969	969	969	969	969	969	969	969	969	969	969	969	969	969	969	969	969	969	969	969	969	969	969	969	969	290	290	290	290	290	
969	969	969	969	969	969	969	969	969	969	969	969	969	969	969	969	969	969	969	969	969	240	240	240	240	240	240	240	240	240	143	143	143	143	143	568	568	568	568	568	568	568	568	568	568	568	132	132	132	132	132	132	132	132	132	132	132	348	
568	208	208	208	208	208	208	208	208	208	208	208	208	208	208	208	143	143	143	143	143	143	143	143	143	143	143	143	143	143	143	143	143	143	143	143	143	1006	1006	1006	1006	1006	1006	1006	969	969	969	969	969	969	969	969	969	969	969	969	290	290	374	374	374	374	374	
290	290	290	290	290	290	290	290	290	290	290	290	290	290	290	579	579	579	579	579	579	579	579	579	579	579	579	579	579	579	579	579	579	579	579	579	579	290	290	290	290	579	579	579	579	579	579	579	579	579	579	579	579	579	579	579	579	579	579	579	579	579	579	579	579	579	579	579	579	579	579	579	579	579	579	579	579	579	579	579	579	579	579	579	579	579	579	579	579	579	579	579	579	579	579	579	579	579	579	579	579	579	579	579	579	579	579	579	579	579	579	579	579	579	579	579	579	579	579	579	579	579	579	579	579	579	579	579	579	579	579	
883	883	883	568	568	568	568	568	568	568	568	568	568	568	568	568	472	240	240	240	240	240	240	240	240	240	240	240	969	969	969	969	969	969	969	969	969	969	969	969	969	969	969	969	969	969	969	969	969	969	969	969	969	969	969	969	969	969	969	969	969	969	969	969	969	
969	969	969	969	969	969	969	969	969	969	969	969	969	969	969	969	969	969	969	969	969	240	143	143	143	143	143	143	143	143	143	143	143	143	143	143	143	143	143	568	568	568	568	568	568	568	568	132	132	132	132	348	348	348	348	
568	568	208	208	208	208	208	208	208	208	568	568	568	208	208	208	132	132	132	132	132	132	132	132	132	132	348	348	348	348	348	348	348	348	348	348	348	348	348	348	348	348	348	348	348	348	348	348	348	326	326	326	326	326	326	326	326	
969	969	969	969	969	969	969	969	969	969	969	969	969	969	969	969	969	969	969	969	969	969	969	969	240	240	240	240	240	240	240	240	240	240	240	143	143	143	143	143	143	143	568	132	208	208	883	883	883	883	132	132	132	132	132	132	
568	568	132	132	132	132	132	348	348	348	348	348	348	348	348	348	348	348	348	348	348	348	348	348	348	348	348	348	348	348	348	348	348	348	348	348	326	326	326	326	326	326	326	326	326	326	326	326	326	326	326	326	326	326	326	326	294	294	294	294	
969	969	969	969	969	969	969	969	969	969	969	969	969	969	969	969	969	969	969	969	969	969	969	969	969	969	240	240	240	240	240	240	240	240	240	240	240	240	240	240	240	240	240	240	240	240	568	568	472	472	472	472	568	568	568	
568	568	568	568	568	568	143	143	143	143	143	143	143	143	240	240	240	240	240	240	240	969	969	969	969	969	969	969	969	969	969	969	969	969	969	969	969	969	969	969	969	969	969	969	969	969	969	969	969	290	290	290	290	290	290	290	290	290	290	290	290	290	290	
969	969	969	969	969	969	969	969	969	969	969	969	969	969	969	969	969	969	969	969	969	969	969	969	969	969	969	969	969	969	969	969	969	969	969	969	969	969	969	969	969	969	969	969	969	969	969	969	969	969	969	
348	348	348	348	348	348	348	348	348	348	348	348	348	348	348	348	348	348	348	348	348	348	348	348	348	348	348	348	348	348	348	348	348	348	348	348	348	348	348	348	348	348	348	348	348	348	348	348	348	348	326	326	326	326	326	326	326	326	326	326	326	326	326	326	326	326	326	326	326	326	326	326	326	326	294	294	294	294	294	294	294	294	294	294	294	294	294	294	
290	969	969	969	969	969	969	969	969	969	969	969	969	969	969	969	969	969	969	969	969	969	969	969	969	969	969	969	969	969	969	969	969	969	969	969	969	969	240	240	240	240	240	240	240	240	240	240	240	240	240	240	240	240	240	240	240	240	240	240	240	240	240	240	240	240	240	240	240	240	240	
568	568	568	132	348	568	348	348	348	348	348	348	348	348	348	348	348	348	348	348	348	348	348	348	348	348	348	348	348	348	348	348	348	348	348	348	348	348	348	348	348	348	348	348	348	348	348	348	348	348	348	348	348	348	348	348	348	348	348	348	348	348	348	348	348	348	
969	969	969	969	969	969	969	969	969	969	969	969	969	969	969	290	290	290	290	290	290	290	290	290	290	290	290	290	290	290	290	290	290	290	290	290	290	374	374	374	374	374	374	374	374	374	374	374	374	165	165	
143	568	568	568	568	568	208	208	208	208	208	208	208	208	208	132	132	132	132	132	132	348	348	348	348	348	348	348	348	348	348	348	348	348	348	348	348	348	348	348	348	348	348	348	348	326	326	326	326	326	326	326	326	326	326	
290	290	290	290	290	290	290	290	290	290	290	290	290	290	290	290	290	290	290	290	290	290	579	579	579	579	579	579	579	579	579	579	579	579	579	579	579	579	579	579	579	579	579	579	579	579	579	579	579	579	579	579	579	579	579	579	579	579	579	579	
568	568	568	568	208	568	208	208	208	568	568	208	208	208	208	143	143	143	143	143	143	143	143	143	143	143	143	143	143	143	143	143	143	143	143	143	143	143	143	969	969	969	969	969	969	969	969	969	969	969	969	969	969	969	969	969	969	969	969	969	969	969	
969	969	969	969	969	969	969	969	969	969	969	969	969	969	969	969	969	969	969	969	969	969	290	290	290	290	290	290	290	290	290	290	290	290	290	290	290	290	290	374	374	374	374	374	374	374	374	374	374	374	165	165	165	165	165	165	165	165	165	165	165	165	579	579	
348	348	348	348	348	348	348	348	348	348	348	348	348	348	348	348	348	348	348	348	348	132	132	132	883	883	883	883	883	883	883	883	883	883	568	568	568	568	568	568	568	568	568	568	568	568	568	568	240	240	240	240	240	240	240	240	240	240	240	240	240	969	969	969	969	969	969	969	969	969	969	969	969	969	969	969	969	969	969	969	969	969	969	969	969	969	969	969	969	969	969	969	969	969	969	969	969	290	290	290	
969	969	969	969	969	969	969	969	240	240	240	240	240	240	240	240	240	240	240	240	240	240	240	240	240	240	240	240	240	240	240	240	240	240	240	
568	568	568	883	883	568	568	883	883	132	132	132	132	348	348	348	348	348	348	348	348	348	348	348	348	348	348	348	348	348	348	348	348	348	348	348	348	348	348	348	348	348	348	348	348	326	326	326	326	326	326	326	326	326	326	326	326	326	
969	969	969	969	969	969	969	969	969	969	969	969	969	969	969	969	969	969	969	969	969	969	969	969	969	969	969	969	969	969	969	969	969	969	969	969	969	969	969	969	969	969	969	969	969	969	969	969	969	969	969	969	969	969	969	969	969	1006	1006	1006	1006	1006	1006	
348	348	348	348	348	348	348	348	348	348	348	348	348	348	348	348	348	348	348	348	348	348	348	348	348	348	348	132	132	883	883	883	883	883	883	883	883	883	883	883	883	883	883	568	568	568	568	568	568	568	568	568	568	568	568	568	240	240	240	240	240	240	240	240	240	240	240	240	240	240	969	969	969	969	969	969	969	969	969	969	969	969	969	969	969	969	969	969	969	969	969	969	969	969	969	969	969	969	969	969	969	969	969	290	290	
290	290	290	290	290	290	290	290	290	290	290	290	290	290	290	290	290	290	290	290	290	290	290	290	290	290	290	290	290	290	290	290	290	290	290	290	290	290	290	290	290	290	969	969	969	969	969	969	969	969	969	969	969	969	969	969	969	969	969	969	969	969	969	969	969	969	969	969	969	969	969	240	240	240	240	240	143	143	240	240	143	143	143	143	143	143	143	143	143	568	568	568	568	208	568	568	568	568	568	568	568	568	132	348	348	348	
568	568	568	568	568	568	568	568	568	568	240	240	143	143	143	143	143	240	240	240	240	240	240	240	240	240	240	240	240	240	240	969	969	969	969	969	969	969	969	969	969	969	969	969	969	969	969	969	969	969	969	969	969	969	969	969	969	290	290	290	290	290	290	290	290	290	290	
290	290	290	290	290	290	290	290	290	290	290	290	290	290	290	290	290	290	290	290	290	290	290	579	579	579	579	579	579	579	579	579	579	579	579	579	579	579	579	579	579	579	579	579	579	579	579	579	579	579	579	165	165	165	165	165	165	165	165	165	165	165	165	165	165	165	165	165	165	165	165	165	165	165	165	165	165	165	165	165	165	
883	883	883	568	568	568	568	143	143	143	143	143	143	143	240	240	240	240	240	240	240	240	240	240	240	240	240	969	969	969	969	969	969	969	969	969	969	969	969	969	969	969	969	969	969	969	969	969	969	969	969	969	969	969	969	969	290	290	290	290	290	290	290	290	
290	290	290	290	290	290	290	290	290	969	969	969	969	969	969	969	969	969	969	969	969	969	969	969	969	969	969	969	969	969	969	969	969	969	969	969	969	969	969	969	969	969	969	969	969	240	240	240	240	240	240	240	240	240	240	240	240	240	240	240	240	240	240	240	240	240	240	240	240	240	240	240	240	240	240	240	240	
348	348	348	348	348	568	568	568	568	568	568	568	568	568	568	568	568	568	568	568	568	568	568	568	568	568	568	568	568	568	568	568	568	568	568	568	568	568	568	568	568	568	568	568	568	568	568	568	568	568	568	568	240	240	240	240	240	240	240	240	240	240	240	240	240	240	240	240	
969	969	969	969	969	969	969	969	969	969	969	969	969	969	969	969	969	969	969	969	969	969	969	240	240	240	240	240	240	143	143	143	143	143	143	143	143	143	143	143	568	568	568	568	568	568	568	568	568	568	568	
568	568	132	132	132	348	348	348	348	348	348	348	348	348	348	348	348	348	348	348	348	348	348	348	348	348	348	348	348	348	348	348	348	348	348	348	348	348	348	348	348	348	348	348	348	348	348	326	326	326	326	326	326	326	326	326	326	326	326	326	326	326	326	326	326	326	
969	969	969	969	969	969	290	290	290	290	290	290	290	290	290	290	290	290	290	290	290	290	290	290	290	579	579	579	579	579	579	579	579	579	579	579	579	374	374	374	374	374	374	165	165	165	165	165	165	165	165	165	
568	568	132	348	348	348	348	348	348	348	348	348	348	348	348	348	348	348	348	348	348	348	348	348	348	348	348	348	348	348	348	348	348	348	348	348	348	348	348	348	348	348	348	348	348	348	348	348	348	348	348	348	348	326	326	326	326	326	326	326	326	326	326	326	326	326	326	
969	969	969	969	969	969	969	969	969	969	969	969	969	969	969	969	969	969	969	969	969	969	969	969	969	969	969	969	969	969	969	969	969	969	969	969	969	969	969	290	290	290	290	290	290	290	969	969	969	969	969	969	969	969	
568	568	568	568	568	568	568	568	568	568	240	240	240	240	240	240	240	240	240	240	240	240	240	240	240	240	969	969	969	969	969	969	969	969	969	969	969	969	969	969	969	969	969	969	969	969	969	969	969	969	969	969	969	969	969	969	969	969	969	969	969	290	290	290	290	290	290	290	290	
290	290	290	290	290	290	290	290	290	290	290	290	290	290	290	290	290	290	290	290	290	290	290	290	290	290	290	290	969	969	969	969	969	969	969	969	969	969	969	969	969	969	969	969	969	969	969	969	969	969	969	969	969	969	969	969	969	969	969	
568	568	568	208	208	208	208	208	208	208	208	208	208	208	208	208	208	208	132	132	132	132	208	208	208	208	208	208	208	208	208	208	208	208	208	208	208	208	208	208	208	208	208	208	208	208	208	208	208	208	809	809	809	809	809	809	809	
290	290	290	290	290	290	969	969	969	969	969	969	969	969	969	969	969	969	969	969	969	969	969	969	969	969	969	969	969	969	969	969	969	969	969	969	969	969	240	240	240	240	240	240	240	143	143	143	143	143	143	208	208	208	208	208	208	208	208	208	132	132	132	132	132	
132	132	132	132	132	132	348	348	348	348	348	348	348	348	348	348	348	132	132	132	132	132	132	132	132	132	132	132	132	132	348	348	348	348	348	348	348	348	348	348	348	348	348	348	348	348	348	348	348	348	348	348	
969	969	969	969	290	290	290	290	290	290	290	290	290	290	290	290	290	290	290	290	290	290	290	290	290	290	290	290	290	290	290	290	290	290	290	290	290	290	579	374	374	374	374	374	374	374	374	374	165	165	165	165	165	165	165	165	165	165	165	165	165	
132	132	132	132	132	132	132	132	132	132	132	348	348	348	348	348	348	348	348	348	348	348	348	348	348	348	348	348	348	348	348	348	348	348	348	348	348	348	348	348	348	348	348	326	326	326	326	326	326	326	326	326	326	326	326	326	326	326	326	326	326	326	326	326	326	326	326	571	571	571	571	571	571	571	571	571	571	571	571	
132	132	132	348	348	348	348	348	348	348	348	348	348	348	348	348	348	348	348	348	348	348	348	348	348	348	348	348	348	348	348	348	348	348	348	348	348	326	326	326	326	326	326	326	326	326	326	326	326	326	326	326	326	326	326	326	326	326	326	326	294	294	294	294	294	294	294	294	294	294	294	294	294	294	294	294	294	294	294	294	294	294	294	294	294	294	294	294	294	294	294	294	294	294	294	294	294	294	294	294	294	294	294	294	294	294	294	294	294	294	294	294	294	294	294	294	294	294	294	294	294	294	294	294	294	294	294	294	294	294	294	294	294	294	294	294	294	294	294	294	294	294	294	294	294	294	294	294	294	294	294	294	294	294	294	294	294	294	294	294	294	294	294	294	294	294	294	294	294	294	294	294	294	294	294	294	294	294	326	326	326	326	326	326	326	326	326	326	326	326	326	326	326	326	326	348	348	348	348	348	348	348	348	348	348	348	348	348	348	348	348	348	348	348	348	348	348	348	348	348	348	348	348	348	132	132	132	132	132	132	132	132	568	568	568	568	
132	568	568	568	568	568	568	568	568	568	568	568	568	568	568	568	240	240	240	240	240	240	240	240	240	240	240	240	240	240	240	969	969	969	969	969	969	969	969	969	969	969	969	969	969	969	969	969	969	969	969	969	969	969	969	969	969	
290	290	290	290	290	290	969	969	969	969	969	969	969	969	969	969	969	969	969	969	969	969	969	969	969	969	969	969	969	969	969	969	969	969	969	969	240	240	240	240	240	240	240	240	240	240	240	240	240	240	240	568	568	568	568	568	568	568	568	568	568	568	568	132	132	132	132	132	132	132	
348	348	348	348	348	348	348	348	348	348	348	348	348	348	348	348	348	348	348	348	348	348	348	348	348	348	568	568	568	568	568	568	568	568	568	568	568	568	568	568	568	568	568	568	568	568	568	568	568	568	568	568	568	568	568	568	568	568	568	
969	969	969	290	290	290	290	290	290	290	290	290	290	290	290	290	290	290	290	579	579	579	579	579	579	579	579	579	579	579	579	579	579	579	579	579	579	579	579	579	579	579	579	579	579	579	579	579	579	165	165	165	165	165	
348	348	348	348	348	348	348	348	348	348	348	348	348	348	348	348	348	348	348	348	348	348	348	348	348	348	348	348	348	348	348	348	348	348	348	348	348	348	348	348	883	132	132	883	883	883	883	883	883	883	883	883	568	568	568	568	568	568	568	568	568	568	568	568	568	568	568	568	240	240	240	240	240	240	240	240	240	240	240	240	240	240	240	240	240	240	240	240	240	240	240	240	969	969	969	969	969	969	969	969	969	969	969	969	969	969	969	969	969	969	969	969	969	969	969	969	969	969	969	969	969	969	969	969	969	969	969	
290	290	290	290	290	290	290	290	290	290	969	969	969	969	969	969	969	969	969	969	969	969	969	969	969	969	969	969	969	969	969	969	969	969	969	969	969	969	969	969	969	969	969	969	969	969	969	969	240	240	240	240	240	240	240	240	240	240	240	240	240	240	240	240	240	240	240	
883	883	568	568	568	568	568	568	568	568	568	568	568	568	568	568	568	568	568	240	240	240	240	240	240	240	240	240	240	240	240	240	240	240	240	240	240	240	969	969	969	969	969	969	969	969	969	969	969	969	969	969	969	969	969	969	969	969	969	969	969	969	969	969	969	969	
290	290	290	290	290	290	290	290	290	290	290	290	290	290	290	290	290	579	579	579	579	579	579	579	579	579	579	579	579	579	579	579	579	579	579	579	579	579	579	579	579	579	579	579	579	579	579	579	579	579	579	579	579	579	579	579	
132	132	132	132	132	132	132	208	208	208	208	208	208	208	208	208	132	132	132	132	132	132	348	348	348	348	348	348	348	348	348	348	348	348	348	348	348	348	348	348	348	348	348	348	348	326	326	326	326	326	326	326	326	326	326	326	326	326	326	326	326	326	571	571	571	571	571	571	571	571	571	571	571	571	571	571	
290	969	969	969	969	969	969	969	969	969	969	969	969	969	969	969	969	969	969	969	969	969	969	969	969	969	969	969	969	969	969	969	969	969	969	969	969	969	969	969	969	969	969	969	969	969	969	969	969	240	240	240	240	240	240	240	240	240	240	240	240	240	240	240	240	240	240	240	240	240	240	240	240	240	240	240	240	240	
568	568	568	568	568	568	568	143	143	143	143	143	240	240	240	240	240	240	240	240	240	969	969	969	969	969	969	969	969	969	969	969	969	969	969	969	969	969	969	969	969	969	969	969	969	969	969	969	969	290	290	290	290	290	290	290	290	290	290	290	290	290	
290	290	290	290	290	290	290	290	290	290	290	290	290	290	290	290	290	290	969	969	969	969	969	969	969	969	969	969	969	969	969	969	969	969	969	969	969	969	969	969	969	969	969	969	969	969	969	969	969	969	969	969	969	969	969	969	969	969	969	969	969	969	969	969	969	969	969	969	969	969	969	
348	348	348	348	348	348	348	348	348	348	348	132	132	132	132	132	132	568	568	568	568	568	568	568	568	568	568	568	568	568	568	568	568	568	143	143	143	143	143	143	143	143	240	240	240	240	240	969	969	969	969	969	969	969	969	969	969	969	969	969	969	969	969	969	969	969	969	969	969	969	969	969	290	290	290	290	290	290	
290	290	290	290	290	290	290	290	290	290	290	290	290	290	290	290	290	290	290	290	290	290	290	290	290	290	290	290	290	290	290	290	290	290	290	290	290	290	969	969	969	969	969	969	969	
568	568	568	568	568	568	568	568	568	568	568	568	568	568	568	240	240	240	240	240	240	240	240	240	240	240	240	240	240	240	240	240	240	240	240	240	240	240	240	240	240	240	240	240	240	240	240	240	
969	969	969	969	290	290	290	290	290	290	290	290	290	290	290	290	290	290	290	290	290	290	290	290	290	579	579	579	579	579	579	579	579	579	579	579	579	579	579	579	579	579	579	579	579	165	165	165	165	165	165	165	165	165	165	165	165	165	165	165	165	165	165	165	165	165	165	165	
348	348	348	348	132	132	132	568	568	568	568	568	568	568	568	568	568	568	568	568	568	568	568	568	568	568	568	568	568	240	240	240	240	240	240	240	240	240	240	240	240	240	240	240	240	240	240	240	240	240	240	240	240	240	240	240	240	240	240	240	240	240	240	240	240	240	
969	969	969	969	969	969	969	969	969	969	969	969	969	969	969	969	969	969	969	969	969	969	969	969	969	969	969	969	969	969	969	969	969	969	969	240	240	240	240	240	240	240	240	240	240	240	240	240	240	143	568	568	568	568	568	568	568	568	568	132	132	132	132	
348	348	348	348	348	348	348	348	348	348	348	348	348	348	348	348	348	348	348	348	348	348	348	348	348	348	348	348	348	348	348	348	348	348	348	348	568	348	348	348	348	348	348	348	568	568	568	568	568	568	568	568	568	568	568	568	568	568	568	568	568	568	568	568	568	
290	290	290	290	290	290	290	290	290	290	290	290	290	290	290	290	290	290	290	290	290	290	290	290	290	290	290	290	290	290	290	290	290	290	290	290	290	290	290	290	290	290	290	290	290	290	290	290	290	290	290	290	290	290	290	290	
132	132	348	348	348	348	348	348	348	348	348	348	348	348	348	348	348	348	348	348	348	348	348	348	348	348	348	348	348	348	348	348	348	348	348	348	348	326	326	326	326	326	326	326	326	326	326	326	326	326	326	326	326	326	326	326	326	326	294	294	294	294	294	294	294	294	294	294	294	294	294	294	294	294	294	294	294	294	294	294	
969	969	969	969	969	969	969	969	969	969	969	969	969	969	969	969	969	969	969	969	969	969	969	969	969	240	240	240	240	240	240	240	240	240	240	240	240	240	240	240	240	240	240	240	240	240	240	240	240	240	240	240	240	
348	348	348	348	348	348	348	348	348	348	348	348	348	348	348	348	348	348	348	348	348	348	348	348	348	348	348	348	348	348	348	348	348	348	348	348	348	348	348	348	348	348	348	348	348	348	348	348	348	326	326	326	326	326	326	326	326	326	326	326	326	326	326	326	326	326	326	326	326	326	326	326	
290	290	290	290	290	290	290	290	290	290	290	290	290	290	290	290	290	290	290	290	290	290	290	290	290	290	290	290	290	290	290	290	290	290	290	290	290	290	290	290	290	290	290	290	290	290	290	290	290	290	579	374	374	374	374	374	374	374	374	374	374	374	374	374	374	374	374	374	374	374	165	165	165	165	165	165	165	165	165	165	165	165	165	165	
568	568	568	568	568	568	568	568	568	568	208	208	568	568	568	208	208	208	208	208	208	208	208	208	208	208	208	208	208	208	208	208	208	208	208	143	208	143	143	143	143	143	143	143	143	143	143	143	1006	1006	1006	1006	1006	1006	1006	1006	1006	1006	1006	1006	1006	1006	1006	1006	1006	1006	1006	1006	1006	1006	1006	1006	1006	290	290	374	374	374	
290	290	290	290	290	290	290	290	290	290	290	290	290	290	290	290	290	290	290	290	290	290	290	290	290	290	290	290	290	290	290	290	290	290	290	290	290	290	290	290	290	290	290	290	290	290	290	290	290	290	290	290	290	579	579	579	579	579	579	579	579	579	579	579	579	579	579	579	579	579	579	579	579	579	579	579	579	579	579	579	579	165	165	165	165	165	165	165	165	165	165	165	165	165	165	165	165	165	165	165	165	165	165	165	165	165	165	165	165	165	165	165	165	165	165	165	165	165	165	165	165	165	

