26	26	26	26	30	30	30	30	30	30	30	30	30	30	30	30	30	30	30	11	11	11	11	11	11	11	11	11	11	11	11	11	11	11	11	11	11	11	11	11	11	11	11	11	11	11	11	11	11	11	11	11	11	
61	61	61	61	61	61	61	61	61	61	11	11	11	11	11	11	11	11	11	11	11	11	11	11	11	11	11	11	11	30	30	30	30	30	30	30	30	30	30	30	30	30	30	30	30	30	26	26	26	26	26	10	10	10	10	10	10	10	10	10	10	18	
26	26	26	26	26	26	26	26	26	26	26	26	30	30	30	30	30	30	30	30	30	30	30	30	30	30	30	30	30	30	30	30	30	30	30	30	30	30	30	30	30	11	11	11	11	11	11	11	11	11	11	11	11	11	11	11	11	11	
61	61	61	61	61	61	61	61	61	61	61	61	61	61	61	61	61	61	61	61	61	61	61	61	61	61	61	61	61	61	61	61	61	61	61	61	61	61	61	61	61	61	61	61	61	61	61	61	61	61	61	61	61	61	61	61	61	61	61	61	61	61	61	61	61	61	61	61	61	61	61	61	61	61	61	61	61	61	61	61	61	
26	26	26	26	26	26	26	26	26	26	26	30	30	30	30	30	30	11	30	11	11	11	11	11	11	11	11	11	11	11	11	11	11	11	11	11	61	61	61	61	61	61	61	61	61	61	61	61	61	61	61	61	61	61	61	61	61	4	4	4	4	4	4	
4	4	4	4	4	4	4	4	61	61	61	61	61	61	61	61	61	61	61	61	61	61	61	61	61	61	61	61	61	61	61	61	61	61	61	61	61	61	11	11	11	11	11	11	11	11	11	11	11	11	11	11	11	11	11	11	11	11	11	11	11	11	11	11	11	11	11	11	11	11	30	30	30	30	30	30	30	30	30	30	30	30	30	30	26	26	26	26	
30	30	30	30	30	30	30	30	30	30	30	30	30	11	11	11	11	11	11	11	11	11	11	11	11	61	61	61	61	61	61	61	61	61	61	61	61	61	61	61	61	61	61	61	61	61	61	61	61	61	61	4	4	
61	61	61	61	61	61	61	61	61	61	61	61	61	61	61	61	61	61	61	61	61	61	61	11	11	11	11	11	11	11	11	11	11	11	11	11	11	11	11	11	11	11	11	11	11	11	11	11	11	30	30	30	30	30	30	30	30	30	26	26	26	26	26	26	26	26	26	26	26	26	26	26	26	26	26	26	10	10	
18	18	18	18	18	18	18	18	18	18	18	18	18	18	18	18	18	18	18	18	18	18	18	18	18	18	18	18	18	18	18	18	18	18	18	18	18	18	18	18	18	18	18	18	18	18	18	18	18	18	18	18	18	18	18	18	18	18	8	8	8	8	8	8	8	8	8	8	8	8	50	50	50	50	50	50	50	50	50	50	50	50	50	50	50	50	50	50	50	50	50	50	50	50	50	50	50	50	50	50	50	50	50	50	50	50	50	50	50	50	50	50	50	50	50	50	50	50	
61	61	61	61	61	61	11	11	11	11	11	11	11	11	11	11	11	11	11	11	11	11	11	11	11	11	11	11	30	30	30	30	30	30	30	30	30	30	30	30	30	30	26	26	26	26	26	26	26	26	10	18	18	18	18	18	18	18	18	18	18	18	18	18	18	18	18	18	18	18	18	
26	26	26	26	26	26	26	26	26	26	26	18	18	18	18	18	18	18	18	18	18	18	18	18	18	18	18	18	18	18	18	18	18	18	18	18	18	18	18	8	8	8	8	8	8	8	8	8	8	8	8	8	8	8	50	50	50	50	50	50	50	50	50	50	50	
61	61	61	61	61	61	61	61	61	11	11	11	11	11	11	11	11	11	11	11	11	11	11	11	11	11	11	11	11	11	11	11	11	11	11	11	11	11	11	11	11	11	11	11	11	11	11	11	11	11	11	11	11	11	11	11	11	30	30	30	30	30	30	30	30	30	30	30	30	26	26	26	
61	61	61	61	61	61	61	61	11	11	11	11	11	11	11	11	11	11	11	11	11	11	11	11	11	11	11	11	30	30	30	30	30	30	30	30	30	30	30	30	30	30	30	30	30	26	26	26	26	26	26	26	26	26	26	26	26	26	26	18	18	18	18	18	
26	26	26	26	26	26	26	26	26	26	26	30	30	30	30	30	30	30	30	30	30	30	30	30	30	30	30	30	30	11	11	11	11	11	11	11	11	11	11	11	11	11	11	11	11	61	61	61	61	61	61	61	61	61	61	61	61	61	61	61	61	61	61	4	4	4	4	4	
61	61	61	61	61	61	61	61	61	61	61	61	61	61	61	61	61	61	61	61	61	61	61	61	61	4	4	4	4	4	4	4	4	4	4	4	4	4	4	4	4	4	4	4	4	4	4	4	4	4	4	4	4	4	4	4	4	4	4	4	4	4	4	4	
26	26	26	26	26	26	26	26	26	26	26	26	26	26	26	26	26	26	26	26	18	18	18	18	18	18	18	18	18	18	18	18	18	18	18	18	18	18	18	18	8	8	8	8	8	8	8	8	8	8	8	8	8	8	8	8	8	8	50	50	50	50	50	50	50	50	50	50	50	50	50	
11	11	11	11	11	11	11	11	11	11	11	11	11	11	11	11	11	11	11	11	11	11	11	11	11	11	11	11	11	11	11	11	11	11	11	11	11	11	11	11	11	11	11	11	17	11	17	11	11	17	17	17	17	17	17	17	17	17	17	17	17	17	17	17	17	17	17	17	
26	26	26	26	26	26	26	26	26	26	26	26	26	26	26	30	30	26	30	30	30	30	30	30	30	30	30	30	30	30	30	30	30	30	30	30	30	30	30	30	30	30	30	30	30	30	30	30	30	30	30	30	30	30	30	11	11	11	11	
61	61	61	11	11	11	11	11	11	11	11	11	11	11	11	11	11	11	11	11	11	11	11	11	11	11	11	11	11	11	11	11	11	30	30	30	30	30	30	30	30	30	30	30	26	26	26	26	26	26	26	26	26	26	26	26	26	26	26	26	26	26	26	26	
30	30	30	30	26	26	30	30	30	30	30	11	11	11	11	11	11	11	11	11	11	11	11	11	11	11	11	11	11	11	11	11	61	61	61	61	61	61	61	61	61	61	61	61	61	61	61	61	61	61	61	61	61	61	61	61	61	61	61	61	4	4	4	4	
61	61	61	61	61	61	61	61	61	61	61	61	61	61	61	61	61	61	61	61	61	61	61	61	61	61	61	61	61	61	61	61	61	61	61	61	61	61	61	61	61	61	61	61	61	61	61	61	61	61	61	61	61	61	61	61	61	61	61	61	61	61	4	4	4	4	4	4	4	4	4	4	
18	18	18	18	18	18	18	18	18	18	18	18	10	10	10	10	10	10	10	10	10	10	10	10	10	10	10	10	10	10	10	10	10	10	18	18	18	18	18	18	18	18	18	18	18	18	18	18	18	18	18	18	18	18	18	18	18	18	18	10	10	10	10	10	26	26	26	26	26	26	26	26	26	26	26	26	30	
61	61	61	61	61	61	61	61	61	61	61	61	61	61	61	61	61	61	61	61	61	61	61	61	61	4	4	4	4	4	4	4	4	4	4	4	4	4	4	4	4	4	4	4	4	4	4	4	4	4	4	4	4	4	4	4	4	4	4	4	4	4	4	4	4	4	4	4	4	4	4	4	59	59	59	59	59	59	59	59	59	59	59	59	59	59	
26	26	26	26	26	26	26	18	18	18	18	18	18	18	18	18	18	18	18	18	18	18	18	18	18	18	18	18	18	18	18	18	18	18	18	18	18	18	18	18	18	18	18	18	18	18	18	18	18	18	18	18	18	18	8	8	8	8	8	8	8	8	8	50	
61	61	61	61	61	61	61	61	61	61	61	61	61	61	61	61	61	61	61	61	61	61	61	61	61	61	61	61	61	61	61	61	61	61	61	61	61	61	61	61	61	61	61	61	61	61	61	61	61	61	61	61	61	61	61	61	61	61	61	61	61	61	61	61	61	61	61	61	61	61	61	61	61	61	61	61	61	61	61	61	61	61	61	61	61	61	61	61	61	61	61	61	
30	30	30	30	30	30	30	30	30	30	30	30	30	30	30	30	30	30	30	30	30	30	30	30	30	30	30	30	30	11	11	11	11	11	11	11	11	11	11	11	11	11	11	11	11	11	11	11	11	11	17	17	17	17	17	61	61	61	61	61	61	61	61	61	61	61	61	
61	61	61	61	61	61	61	61	61	61	61	61	61	61	61	61	61	61	61	61	61	61	61	61	61	61	61	61	61	61	4	4	4	4	4	4	4	4	4	4	4	4	4	4	4	4	4	4	4	4	4	4	4	4	4	4	4	4	4	4	4	4	4	4	4	4	4	4	4	4	4	4	4	4	4	4	4	4	4	4	4	4	4	4	4	4	4	4	4	4	4	
26	26	26	26	26	26	26	26	26	26	26	26	26	18	18	18	18	18	18	18	18	18	18	18	18	18	18	18	18	18	18	18	18	18	18	18	18	18	18	18	18	18	18	18	18	18	18	18	18	8	8	8	8	8	8	8	8	8	8	8	8	8	8	50	50	50	50	50	50	50	50	
61	61	61	61	61	61	61	61	61	61	61	61	61	61	61	61	61	61	61	61	61	61	61	61	61	61	61	61	61	61	61	11	11	11	11	11	11	11	11	11	11	11	11	11	11	11	11	11	11	11	11	11	11	11	11	11	11	11	11	11	11	11	11	11	11	11	11	11	11	11	11	11	11	11	11	11	11	11	11	11	11	11	11	11	11	11	11	
26	26	26	26	26	26	26	26	26	26	26	26	26	26	26	26	26	26	26	26	26	26	26	26	26	26	26	26	26	26	26	26	26	26	26	26	26	26	26	26	26	26	26	26	26	26	26	26	26	26	26	26	26	26	26	26	26	26	26	26	26	26	26	
61	61	61	61	61	61	61	61	61	61	61	61	61	61	61	61	61	61	61	61	61	61	61	61	61	61	61	61	61	61	61	61	61	61	61	61	61	61	61	61	61	14	14	14	61	61	14	61	61	14	14	14	14	14	14	14	14	14	14	11	11	11	11	11	11	11	11	11	11	11	11	11	11	11	
26	26	26	26	26	26	26	26	26	26	26	26	26	26	26	26	26	26	26	26	26	26	26	26	26	26	26	26	26	26	26	26	26	26	26	26	26	26	26	26	26	26	26	26	26	26	26	26	26	26	26	26	26	26	26	26	26	26	26	26	26	26	26	26	26	26	26	26	26	26	
61	61	61	61	61	61	61	61	61	61	61	61	61	61	61	61	61	61	61	61	61	11	11	11	11	11	11	11	11	11	11	11	11	11	11	11	11	11	11	11	11	11	11	11	11	11	11	11	11	11	11	11	11	11	11	11	11	11	30	30	30	30	30	30	30	30	30	30	30	30	30	30	30	30	30	30	30	26	26	26	26	26	30	26	26	26	26	26	26	26	26	26	26	26	26	26	26	26	26	
26	26	18	18	18	18	18	18	18	18	18	18	18	18	18	18	18	18	18	18	18	18	18	18	18	18	18	18	18	18	8	8	8	8	8	8	8	8	8	8	8	8	8	8	8	8	50	50	50	50	50	50	50	50	50	50	50	50	50	50	50	50	50	50	50	50	50	50	
61	61	61	61	61	61	61	61	61	61	61	61	61	61	61	61	61	61	61	61	61	11	11	11	11	11	11	11	11	11	11	11	11	11	11	11	11	11	11	11	11	11	11	11	11	11	11	11	11	11	11	11	11	11	11	11	11	11	11	11	11	11	11	11	30	30	
18	18	18	18	18	18	18	18	18	18	18	18	18	18	18	18	18	18	18	18	18	18	18	18	18	18	18	8	8	8	8	8	8	8	8	8	8	8	8	8	8	8	8	8	8	8	50	50	50	50	50	50	50	50	50	50	50	50	50	50	50	50	50	50	50	50	50	50	50	50	50	50	50	50	50	50	50	50	50	50	50	50	50	50	50	50	50	50	50	50	50	50	50	50	50	50	50	50	50	50	50	50	
61	61	61	61	61	61	61	61	61	61	61	61	61	61	61	61	61	61	61	61	61	61	61	61	61	61	4	4	4	4	4	4	4	4	4	4	4	4	4	4	4	4	4	4	4	4	4	4	4	4	4	4	4	4	4	4	4	4	4	4	4	4	4	4	4	4	4	4	4	4	4	4	4	4	
26	26	26	26	26	26	26	26	26	26	26	26	30	30	30	30	30	30	30	30	30	11	11	11	11	11	11	11	11	11	11	11	11	11	11	11	11	11	11	11	11	11	11	11	11	11	11	11	11	11	11	11	11	11	11	11	11	11	11	
61	61	61	61	61	61	61	61	61	61	61	61	61	61	61	61	61	61	61	61	61	61	61	61	61	61	61	61	61	61	61	17	17	17	17	17	17	17	17	17	11	17	17	17	17	17	17	17	17	17	17	17	17	17	17	17	17	17	17	17	17	17	17	17	17	17	17	17	17	

