969	969	969	969	969	969	969	969	969	969	969	969	969	969	969	969	969	969	969	969	969	969	290	290	290	290	290	290	290	290	290	290	290	290	290	290	290	290	290	290	290	290	290	290	290	579	579	579	579	579	579	
969	240	240	240	240	240	240	240	240	240	240	143	143	240	143	143	143	568	568	568	568	568	568	568	568	883	883	883	883	883	883	883	883	883	132	132	348	348	348	348	348	
969	969	969	969	969	969	969	969	969	969	969	969	969	969	969	969	969	969	969	969	969	969	969	969	969	969	969	969	969	969	969	969	969	969	240	240	240	240	240	240	240	240	240	240	240	240	240	240	240	240	240	240	240	240	240	240	240	240	240	240	240	240	240	240	240	240	240	
143	143	143	143	143	143	143	568	568	568	568	568	568	568	568	568	568	568	568	132	132	132	348	348	348	348	348	348	348	348	348	348	348	348	348	348	348	348	348	348	348	348	348	348	348	348	348	348	348	326	326	326	326	326	326	326	
969	969	969	969	969	969	969	969	969	969	969	969	969	969	240	240	240	240	240	240	240	240	240	240	240	240	240	240	240	240	240	240	240	240	240	240	240	240	240	240	240	240	240	568	
568	568	568	568	568	568	568	568	568	568	568	568	240	240	240	240	240	240	240	240	240	240	240	240	240	240	240	240	240	240	240	240	240	240	240	240	240	240	240	240	240	240	240	240	240	240	240	240	240	240	240	240	240	240	969	969	969	969	969	969	969	969	969	
969	969	969	969	969	969	969	969	969	969	969	969	969	969	969	969	969	969	969	969	969	969	969	969	969	969	969	969	969	969	969	969	969	969	969	969	969	969	290	290	290	290	290	290	290	290	290	290	290	290	290	290	290	290	290	
568	568	568	132	132	348	348	348	348	348	348	348	348	348	348	348	348	348	348	348	348	348	348	348	348	348	348	348	348	348	348	348	348	348	348	348	348	348	348	348	348	348	348	348	348	348	348	348	348	348	348	348	348	348	348	348	348	348	348	348	348	326	326	326	326	326	326	326	326	326	326	326	326	326	326	326	
969	969	969	969	969	969	969	969	969	969	969	969	969	969	969	969	969	969	969	969	969	969	969	969	969	969	969	969	969	969	969	969	969	969	969	969	969	969	969	969	969	969	969	969	969	969	969	969	969	969	969	969	969	969	969	969	969	
568	568	132	348	348	348	348	348	348	348	348	348	348	348	348	348	348	348	348	348	348	348	348	348	348	348	348	348	348	348	348	348	348	348	348	348	348	348	348	348	348	326	326	326	326	326	326	326	326	326	326	326	326	326	326	326	326	326	326	326	326	326	326	294	294	294	294	
969	969	969	969	969	969	969	969	969	969	969	969	969	969	969	969	969	290	290	290	290	290	290	290	290	290	290	290	290	290	290	290	290	290	290	290	290	290	290	290	290	290	290	290	290	290	290	290	290	579	579	579	579	579	579	579	579	
240	240	240	240	240	240	472	472	472	143	568	568	568	568	568	568	208	208	208	208	208	208	208	208	208	208	208	208	208	208	208	208	132	208	132	348	348	348	348	348	348	
969	969	969	969	969	969	969	969	969	969	969	969	969	969	969	969	969	969	969	969	969	969	969	969	969	969	969	969	969	969	969	969	969	969	969	969	969	969	969	969	969	969	969	969	969	969	969	969	969	969	969	969	969	1006	1006	
568	568	568	568	568	568	568	568	568	568	568	240	240	240	240	240	240	240	240	240	240	240	240	240	240	240	240	240	240	240	240	240	240	240	240	240	240	240	240	240	240	240	240	240	240	240	240	240	240	240	240	240	240	240	240	
969	969	969	969	969	969	969	969	969	969	969	969	240	240	240	240	240	240	240	240	240	240	240	240	143	143	143	143	568	568	568	568	568	568	568	568	568	568	883	883	883	883	568	132	132	568	
568	568	568	568	568	568	568	568	568	568	568	568	568	348	348	348	348	348	348	348	348	348	348	348	348	348	348	348	348	348	348	348	348	348	348	348	348	348	348	348	348	348	348	348	348	348	348	348	348	348	
579	579	579	290	290	290	290	290	290	290	290	290	290	290	290	290	290	290	290	290	290	290	290	290	290	290	290	290	290	290	290	290	290	290	290	290	290	290	290	290	290	290	969	969	969	969	969	969	969	969	969	969	969	969	969	969	969	969	969	969	969	969	969	969	969	969	969	969	969	969	969	969	969	969	969	969	969	969	969	969	969	969	
240	240	472	472	472	472	472	240	472	472	472	143	472	568	143	143	143	143	208	208	208	208	208	208	208	208	208	208	208	208	208	208	208	208	208	208	208	208	208	208	208	208	208	208	208	208	208	208	208	208	208	208	208	208	208	208	
969	969	969	969	969	969	969	969	969	969	969	240	240	240	143	143	143	143	143	143	143	143	143	143	143	143	143	143	143	143	143	143	143	143	143	143	143	208	208	208	208	208	208	208	208	208	208	132	132	
568	568	568	568	568	568	568	568	568	568	568	568	568	568	568	568	208	208	208	208	208	208	208	208	208	208	208	208	208	208	208	208	208	208	208	208	208	208	208	208	208	208	208	208	208	208	208	208	208	208	208	208	208	208	208	208	208	208	208	208	208	1006	1006	1006	1006	1006	1006	1006	1006	1006	1006	1006	1006	1006	1006	1006	1006	1006	1006	1006	1006	1006	1006	1006	1006	
969	969	969	969	969	969	969	969	969	969	969	969	969	969	969	969	969	290	290	290	290	290	290	290	290	290	290	290	290	290	290	579	579	579	579	579	579	579	579	579	579	579	579	579	579	579	579	579	579	579	
568	568	568	568	568	568	568	568	568	568	568	568	568	568	568	568	568	568	568	568	568	568	568	568	568	208	208	208	208	208	568	143	143	143	143	143	143	240	143	143	240	240	240	240	240	240	240	240	240	143	969	969	969	969	969	969	969	969	969	969	969	969	969	969	969	969	969	969	969	969	969	969	969	290	290	290	290	290	290	290	290	290	290	290	
969	969	969	969	969	969	969	969	969	969	969	969	969	969	969	969	240	240	240	240	240	240	240	240	240	240	240	240	240	240	240	240	240	240	240	240	240	240	240	240	240	240	240	
568	568	568	568	568	568	568	568	568	568	568	568	568	568	568	568	568	568	568	568	348	348	348	348	348	348	348	348	348	348	348	348	348	348	348	348	348	348	348	348	348	348	348	348	348	348	348	348	348	348	348	348	348	348	348	348	348	348	348	348	348	348	348	348	348	348	348	
290	290	290	290	290	290	290	290	290	290	290	290	290	290	290	290	290	290	290	290	290	290	290	290	290	290	290	290	290	290	290	290	290	290	290	290	290	290	290	290	290	290	290	290	290	290	290	290	290	290	290	290	290	290	290	290	290	290	290	290	290	290	290	290	290	290	290	290	290	290	290	290	290	290	290	290	290	290	290	290	290	290	290	290	290	290	290	290	290	290	290	290	290	290	290	290	290	579	579	579	579	579	579	290	579	579	579	579	579	
568	568	568	568	568	568	568	568	568	568	568	568	568	568	568	568	568	568	568	568	568	568	568	568	568	568	568	568	568	568	568	568	568	568	568	568	568	568	348	348	348	348	348	348	348	348	348	348	348	348	348	348	
290	290	290	290	290	290	290	290	290	290	290	290	290	290	290	290	290	290	290	290	290	290	290	290	290	290	290	290	290	290	290	290	290	290	290	290	969	969	969	969	969	969	969	969	969	969	969	969	969	969	969	969	969	969	969	969	969	969	969	969	969	969	969	969	969	969	969	969	969	969	969	969	969	969	969	969	969	969	969	969	969	969	969	969	969	969	969	969	969	969	969	969	969	969	969	969	969	969	240	240	240	240	240	240	
348	348	348	348	348	348	348	348	348	348	348	348	348	348	348	348	348	348	348	348	348	348	348	348	348	568	883	568	568	568	568	568	568	568	568	568	568	568	568	568	568	568	568	568	568	568	568	568	568	568	568	568	568	568	568	568	568	568	568	568	568	568	568	568	568	568	568	568	568	568	568	568	568	568	568	568	568	568	568	568	
969	969	969	969	969	969	969	969	969	969	969	969	969	969	969	969	969	969	969	969	969	969	969	969	969	969	969	969	969	969	969	969	969	969	969	969	969	969	969	969	969	969	969	969	969	969	969	969	969	969	969	969	290	290	290	
568	568	568	568	568	568	568	568	568	568	568	568	132	132	348	348	348	348	348	348	348	348	348	348	348	348	348	348	348	348	348	348	348	348	348	348	348	348	348	348	348	348	348	348	348	348	348	348	348	348	348	348	348	348	
969	969	969	969	969	969	969	290	290	290	290	290	290	290	290	290	290	290	290	290	290	290	290	290	290	290	290	290	579	579	579	579	579	579	579	579	579	579	579	579	579	579	579	579	579	579	579	579	579	579	579	579	579	579	579	579	165	165	165	165	165	165	165	165	
240	240	240	143	143	143	143	143	143	143	143	143	143	143	143	143	143	143	208	208	208	208	208	208	208	208	208	208	208	208	208	208	208	208	208	208	208	208	208	208	208	208	208	208	208	208	208	208	809	809	809	809	
969	969	969	969	969	969	969	969	969	969	969	969	969	969	969	969	969	969	969	969	969	240	240	240	240	240	240	240	240	240	240	240	240	240	240	240	240	240	472	472	472	568	568	568	568	568	568	568	568	568	568	568	568	568	568	
143	240	240	240	568	568	568	568	568	568	568	568	568	568	568	568	568	568	568	568	568	568	568	568	568	568	568	568	568	568	568	568	568	568	568	568	568	568	568	568	568	568	568	568	568	568	568	568	568	568	568	
969	969	969	969	969	969	969	969	969	969	969	969	969	969	969	969	969	969	969	969	969	969	969	969	969	969	969	969	969	969	969	969	969	969	969	969	969	969	
240	240	240	240	240	240	240	240	240	240	240	240	240	240	969	969	969	969	969	969	969	969	969	969	969	969	969	969	969	969	969	969	969	969	969	969	969	969	969	969	969	969	290	290	290	290	290	290	
568	568	568	568	568	568	568	568	568	568	568	568	568	568	568	568	143	143	143	143	143	143	143	143	143	143	143	143	143	240	240	240	240	143	240	240	969	969	969	969	969	969	969	969	969	969	969	969	969	969	969	969	969	969	969	969	969	969	969	969	969	290	290	290	290	290	
969	969	969	969	969	969	969	969	969	969	969	969	969	969	969	969	969	969	969	969	969	969	969	969	969	969	969	969	969	969	240	240	240	143	143	143	143	143	143	143	143	143	143	143	143	143	143	883	143	568	568	568	132	132	132	
568	568	568	568	568	568	568	568	568	568	568	568	568	132	132	132	132	132	132	132	132	132	132	132	348	348	348	348	348	348	348	348	348	348	348	348	348	348	348	348	348	348	348	348	348	348	348	326	326	326	326	326	326	326	326	326	326	326	326	326	
969	969	969	969	969	969	969	969	969	969	969	969	969	969	969	969	969	969	969	969	969	969	240	240	240	143	143	240	143	143	143	143	143	143	143	143	143	568	568	568	568	568	568	568	568	568	132	132	132	132	132	132	132	132	132	348	
240	240	568	568	568	568	568	568	568	568	568	568	568	568	568	883	132	132	132	132	132	132	132	348	348	348	348	348	348	348	348	348	348	348	348	348	348	348	348	348	348	348	348	348	348	348	348	348	348	348	348	348	348	348	348	348	
969	969	969	969	969	969	969	969	969	969	969	969	969	969	969	969	969	969	969	969	969	969	969	969	969	969	240	240	240	240	240	240	240	240	240	240	240	240	240	240	240	240	143	143	568	568	568	568	568	568	568	568	568	568	568	568	568	568	568	568	568	568	568	568	568	568	568	568	
132	132	132	348	348	348	348	348	348	348	348	348	348	348	348	348	348	348	348	348	348	348	348	348	348	348	348	348	348	348	348	348	348	348	348	348	348	348	348	348	348	348	348	348	348	348	348	348	348	348	348	348	348	348	348	348	348	348	348	348	348	348	348	348	348	348	348	348	348	348	326	326	326	326	326	326	326	326	326	326	
969	969	969	969	969	969	969	969	969	969	969	969	969	969	969	969	969	290	290	290	290	290	290	290	290	290	290	290	290	290	290	290	290	290	290	290	290	290	290	290	579	579	579	579	579	579	579	579	579	374	374	374	374	374	374	374	374	374	165	
240	143	143	143	143	143	143	143	143	143	143	143	143	143	143	143	143	143	143	143	143	143	208	208	143	208	208	208	208	208	208	208	208	208	208	208	208	208	208	208	208	208	208	208	208	1006	1006	1006	1006	1006	1006	1006	1006	1006	1006	1006	1006	1006	1006	1006	1006	1006	1006	1006	1006	1006	1006	1006	1006	1006	1006	1006	820	450	450	450	
568	568	568	240	240	240	240	240	240	240	240	240	240	240	240	240	240	240	969	969	969	969	969	969	969	969	969	969	969	969	969	969	969	969	969	969	969	969	969	969	969	969	290	290	290	290	290	290	290	290	290	
969	969	969	969	969	969	969	969	969	969	969	969	969	969	969	969	969	969	969	969	969	969	969	969	969	969	969	969	969	969	969	240	240	240	240	240	240	240	240	240	240	240	240	240	240	240	240	240	240	240	240	240	240	240	240	240	240	240	240	240	240	240	240	472	568	568	568	568	568	568	568	568	568	568	568	472	568	
568	568	568	568	568	568	568	568	568	568	568	568	568	568	568	568	568	568	568	568	568	240	240	240	240	240	240	240	240	240	240	240	240	240	240	240	240	240	240	240	240	240	240	240	240	240	240	240	240	240	240	240	240	240	240	240	240	240	240	240	240	240	240	240	240	240	
969	969	969	969	969	969	969	969	969	969	969	969	969	969	969	969	290	290	290	290	290	290	290	290	290	290	290	
568	568	568	568	568	568	568	568	568	568	568	568	568	568	568	348	348	348	348	348	348	348	348	348	348	348	348	348	348	348	348	348	348	348	348	348	348	348	348	348	348	348	348	348	348	348	348	348	348	348	348	348	348	
969	969	969	969	969	969	969	969	969	969	969	969	969	969	969	969	969	969	969	969	969	969	969	969	969	969	969	969	969	969	969	969	969	969	969	969	240	240	240	240	240	240	240	240	240	240	240	240	240	240	240	240	240	240	240	240	240	240	240	240	240	240	240	240	240	240	240	240	568	
568	132	568	568	568	568	568	132	568	132	132	568	568	132	568	132	132	132	132	132	208	132	208	208	208	208	208	208	208	208	208	208	208	208	208	208	208	208	208	208	208	208	208	208	208	208	208	208	208	208	208	208	208	208	208	208	809	809	809	809	809	809	809	809	809	809	809	809	809	809	809	809	809	809	809	809	809	809	809	809	809	1006	
290	290	290	290	290	290	290	290	290	290	290	290	290	290	290	290	290	290	579	579	579	579	579	579	579	579	579	579	579	579	579	579	579	579	579	579	579	579	579	579	579	579	579	579	579	579	579	579	579	579	579	579	579	579	579	579	579	579	579	579	579	579	579	579	579	579	579	579	579	579	165	165	165	165	165	
568	568	568	568	568	568	568	568	240	240	240	240	240	240	240	240	240	240	240	240	240	240	240	969	969	969	969	969	969	969	969	969	969	969	969	969	969	969	969	969	969	969	969	969	969	969	969	969	969	969	969	290	290	290	290	290	290	290	290	290	290	290	
969	969	969	969	969	969	969	969	969	969	969	969	969	969	969	969	969	969	969	969	969	969	969	969	969	969	969	969	969	969	969	969	969	969	969	969	969	240	240	240	240	240	240	240	240	240	240	240	240	240	240	240	240	240	240	240	240	240	240	240	240	240	240	240	568	568	568	568	568	568	568	568	568	568	568	568	
568	568	568	568	568	568	568	568	568	568	568	568	568	568	568	568	240	240	240	240	240	240	240	240	240	240	240	240	240	240	240	240	240	240	240	240	240	240	240	240	240	240	240	240	240	240	240	969	969	969	969	969	969	969	969	969	969	969	969	969	969	969	969	969	969	969	969	969	969	969	969	969	
290	290	290	290	290	290	290	290	290	290	290	290	290	290	290	290	290	290	290	579	579	579	579	579	579	579	579	579	579	579	579	579	579	579	579	579	579	579	579	579	579	579	579	579	579	579	579	579	579	579	579	579	579	579	579	579	579	579	579	579	579	579	579	579	579	579	579	579	579	579	579	579	579	579	579	579	579	579	579	
969	969	969	969	969	969	969	969	969	969	969	969	969	969	969	969	969	969	969	969	969	969	969	969	240	240	240	240	240	240	240	240	240	240	240	240	240	240	240	240	240	240	240	472	472	472	472	472	568	568	568	568	568	568	568	568	568	568	568	568	568	568	568	568	568	568	568	
568	568	568	568	568	568	568	568	568	568	568	568	568	568	568	568	568	568	568	568	568	568	568	348	348	348	348	348	348	348	348	348	348	348	348	348	348	348	348	348	348	348	348	348	348	348	348	348	348	348	348	348	348	348	
969	969	969	969	969	969	969	969	969	969	969	969	969	969	969	969	969	969	969	969	969	969	969	969	969	969	969	969	969	969	969	969	969	969	969	969	969	969	240	240	240	240	240	240	240	240	240	240	240	240	240	240	240	240	240	240	240	
143	143	143	143	143	143	143	143	143	143	143	143	143	143	143	143	143	143	143	143	143	143	143	143	143	143	143	143	143	143	143	143	143	143	1006	1006	1006	1006	1006	969	1006	1006	1006	1006	969	969	969	969	969	969	969	969	969	969	969	969	969	969	969	
969	969	969	969	969	969	969	969	969	969	969	969	969	969	969	969	969	969	969	969	969	969	969	969	969	969	969	969	969	969	969	969	969	969	969	969	969	969	969	969	969	969	969	969	969	
568	568	568	568	568	568	568	568	568	568	568	568	568	568	568	568	568	568	568	568	568	568	568	568	568	568	568	568	568	568	568	568	568	568	568	568	568	568	568	568	568	568	568	568	568	568	568	568	568	568	568	568	568	568	
969	969	969	969	969	969	969	969	969	969	290	290	290	290	290	290	290	290	290	290	290	290	290	290	290	290	290	290	290	290	290	290	290	290	290	290	290	290	290	290	290	290	290	290	290	290	290	290	290	290	290	290	290	290	579	579	579	579	579	579	
568	568	568	568	568	568	568	568	568	568	568	568	568	568	143	240	240	240	240	240	240	240	240	240	240	240	240	240	240	240	240	240	240	240	240	240	240	240	240	240	240	969	969	969	969	969	969	969	969	969	969	969	969	969	969	969	969	969	969	969	969	969	969	969	969	969	969	969	969	
290	290	290	290	290	290	290	290	290	290	290	290	290	290	290	290	290	290	290	290	290	290	290	290	290	290	290	290	290	290	290	290	290	290	290	290	290	290	290	290	290	290	290	290	290	290	290	290	290	579	290	579	579	579	579	579	579	579	579	579	579	579	579	579	579	579	579	

