969	969	969	969	969	969	969	969	969	969	969	969	969	969	969	969	969	969	969	969	969	969	969	969	969	969	969	969	969	969	969	969	969	969	969	969	969	969	969	969	969	969	969	969	969	240	240	240	240	240	240	240	240	
568	568	568	568	568	568	568	568	568	568	568	240	240	240	240	240	240	240	240	240	240	240	240	240	240	240	240	240	240	240	240	969	969	969	969	969	969	969	969	969	969	969	969	969	969	969	969	969	969	969	969	969	969	969	969	969	969	969	290	290	290	290	
969	969	969	969	969	969	969	969	969	969	969	969	969	969	969	969	969	969	969	969	969	969	969	969	969	969	969	969	969	969	969	969	969	969	969	969	969	969	969	969	969	240	240	240	240	240	240	240	240	240	240	240	240	240	240	240	240	240	
568	568	568	568	568	568	568	568	568	568	568	568	568	568	568	568	568	568	568	568	568	568	568	568	568	568	568	568	568	568	568	568	568	568	568	568	568	568	568	568	568	568	568	568	568	568	568	568	568	568	568	568	568	568	568	568	568	568	568	568	568	568	568	568	568	568	568	568	568	568	568	568	568	568	568	568	568	568	568	568	568	
969	969	969	969	969	969	969	969	969	969	969	969	969	969	969	969	969	969	969	969	240	240	240	240	240	240	240	240	240	240	240	240	143	472	472	472	472	472	472	472	472	883	883	883	883	883	883	883	883	883	883	883	883	883	883	883	348	348	348	348	348	348	348	
348	348	348	348	348	348	348	132	132	132	132	132	132	568	568	568	568	568	568	568	568	568	568	568	568	568	568	568	568	568	568	568	568	568	568	568	472	472	472	472	240	240	240	240	240	240	240	240	240	240	240	240	240	240	240	240	240	240	240	240	240	240	240	240	240	240	240	240	969	969	969	969	969	969	969	969	969	969	969	969	969	969	969	969	969	969	969	969	
969	969	969	969	969	969	969	969	969	969	969	240	240	240	143	143	143	143	143	143	143	143	143	143	143	143	568	568	568	568	568	568	568	568	568	568	568	568	568	568	568	568	132	883	132	132	883	883	132	132	348	348	348	
132	568	568	568	568	568	568	568	568	568	568	568	568	568	568	568	568	568	568	568	568	568	472	472	472	240	240	240	240	240	240	240	240	240	240	240	240	240	240	240	240	240	240	969	240	969	969	969	969	969	969	969	969	969	969	969	969	969	969	969	969	969	969	969	969	969	969	969	969	969	969	969	969	969	969	969	969	969	
290	290	290	290	290	290	290	290	290	290	290	290	290	290	290	290	290	290	290	290	290	290	290	290	290	290	290	290	290	290	290	290	290	290	290	290	290	290	290	290	290	290	290	290	290	290	290	290	290	290	290	290	290	290	290	290	290	290	290	290	579	579	579	579	579	579	579	579	579	579	579	579	579	579	579	579	579	579	579	579	579	579	579	579	579	579	579	579	579	579	579	579	579	579	579	579	579	579	579	579	579	579	579	579	579	579	579	579	579	579	579	579	579	579	579	579	579	579	
568	568	568	568	568	568	472	240	240	240	240	240	240	240	240	240	240	240	240	240	240	240	240	240	240	240	240	240	969	969	969	969	969	969	969	969	969	969	969	969	969	969	969	969	969	969	969	969	969	969	969	969	969	969	969	969	969	290	290	290	290	290	290	290	290	290	290	290	290	290	290	
969	969	969	969	969	969	969	969	969	969	969	969	969	969	969	969	969	969	969	969	290	290	290	290	290	290	290	290	290	290	290	290	290	290	290	290	579	579	579	579	579	579	579	579	579	579	579	579	579	579	579	579	579	579	579	579	579	579	579	579	579	579	579	579	579	
568	568	568	568	568	568	568	568	568	568	240	240	240	240	240	240	240	240	240	240	240	240	240	240	240	240	240	240	240	240	240	240	240	240	240	240	240	240	240	240	240	969	969	969	969	969	969	969	969	969	969	969	969	969	969	969	969	969	969	969	969	969	969	969	969	969	969	969	969	969	969	969	
568	568	568	568	568	568	568	568	568	568	240	240	240	240	240	240	240	240	240	240	240	240	240	240	240	240	969	969	969	969	969	969	969	969	969	969	969	969	969	969	969	969	969	969	969	969	969	969	969	969	969	969	969	969	969	969	969	969	969	969	969	969	969	969	
969	969	969	969	969	969	969	969	969	969	969	969	969	969	969	969	969	969	969	969	969	969	969	969	969	969	969	969	240	240	240	240	240	240	240	240	240	240	240	240	240	240	240	240	240	568	568	568	568	568	568	568	568	568	568	568	568	568	568	568	568	568	132	348	348	348	348	348	
568	568	568	568	568	568	568	568	568	568	568	568	568	568	568	568	568	132	132	132	348	348	348	348	348	348	348	348	348	348	348	348	348	348	348	348	348	348	348	348	348	348	348	348	348	348	348	348	348	348	348	348	348	348	348	348	348	348	348	348	348	348	348	348	
969	969	969	969	969	969	969	969	969	969	969	969	969	969	969	969	969	969	969	969	969	969	969	969	969	969	969	290	290	290	290	290	290	290	290	290	290	290	290	290	290	290	290	290	290	290	290	290	290	290	290	290	290	579	579	579	579	579	579	579	579	374	374	374	374	374	165	165	165	165	165	
472	472	472	472	472	472	472	472	472	472	472	143	143	143	143	143	143	143	143	143	143	143	143	143	143	143	143	143	143	143	143	143	143	143	143	143	143	143	143	143	143	143	143	143	143	143	143	143	143	143	208	208	208	208	208	208	208	208	208	208	208	208	208	208	208	208	208	208	
969	969	969	969	969	969	969	969	969	969	969	969	969	969	969	969	969	969	969	969	969	969	969	969	969	969	969	969	969	969	969	969	969	969	969	969	969	969	969	969	969	969	969	969	969	969	969	969	969	969	969	969	969	969	969	969	969	969	969	
568	568	568	568	568	568	240	240	240	240	240	240	240	240	240	240	240	240	240	240	240	240	240	240	969	969	969	969	969	969	969	969	969	969	969	969	969	969	969	969	969	969	969	969	969	969	969	969	969	969	969	969	969	969	969	969	969	969	969	969	969	969	969	969	
969	969	969	969	969	969	969	969	969	969	969	969	969	969	969	240	240	240	240	240	240	240	240	240	240	240	143	143	143	143	143	143	143	143	143	143	143	132	132	132	568	568	883	883	883	883	883	883	883	883	568	568	568	568	568	568	568	568	568	568	348	348	348	348	
568	568	568	568	568	568	568	568	568	568	568	568	568	568	568	568	568	568	568	568	568	568	568	568	568	568	568	568	568	568	568	568	568	568	568	568	568	568	568	568	568	568	568	568	568	568	568	568	568	348	568	348	568	568	348	348	348	348	348	348	348	348	348	348	348	348	348	348	348	348	348	348	
290	290	290	290	290	290	290	290	290	290	290	290	290	290	290	290	290	290	290	290	290	290	290	290	290	290	290	290	290	290	290	290	290	290	290	290	290	290	290	290	290	290	290	290	969	969	969	969	969	969	969	969	969	969	969	969	969	969	969	969	969	969	969	969	969	969	969	969	969	969	969	969	969	969	969	969	969	
472	472	472	472	472	472	568	568	568	568	568	568	568	568	568	568	568	568	568	568	568	568	132	132	132	132	132	348	348	348	348	348	348	348	348	348	348	348	348	348	348	348	348	348	348	348	348	348	348	348	348	348	348	348	348	348	348	348	348	348	348	348	348	348	348	348	348	326	326	326	326	326	326	326	326	326	326	326	326	326	326	326	326	326	326	326	
969	969	969	969	969	969	969	969	969	969	969	969	969	969	969	969	969	969	969	969	969	969	290	290	290	290	290	290	290	290	290	290	290	290	290	290	290	290	290	290	290	579	290	290	290	579	579	579	290	579	579	579	579	579	579	579	579	579	579	579	579	579	579	579	
568	568	568	568	568	568	568	568	568	568	568	568	568	568	568	568	568	568	568	568	568	568	568	568	568	568	568	568	568	568	568	568	568	568	568	568	568	568	568	568	568	568	568	568	568	568	568	568	568	568	568	568	568	568	568	568	568	568	568	568	568	568	568	568	568	568	568	568	568	568	568	568	568	568	568	568	568	568	568	568	568	568	568	568	568	568	568	568	568	568	568	568	
969	969	969	969	969	969	969	969	969	969	969	969	969	969	969	969	969	969	969	969	969	969	969	969	969	969	969	969	969	969	969	143	143	143	143	143	143	143	143	143	143	143	143	143	143	143	143	143	143	143	143	143	143	143	143	143	143	143	208	208	208	208	208	208	208	208	208	
568	568	568	568	568	568	568	568	568	568	568	568	568	568	568	568	568	568	568	568	568	568	568	568	568	348	348	348	348	348	348	348	348	348	348	348	348	348	348	348	348	348	348	348	348	348	348	348	348	348	348	348	348	348	348	348	348	348	348	348	348	348	348	348	348	348	348	348	348	348	348	348	348	348	348	348	348	348	348	348	348	348	348	348	348	348	348	348	348	348	348	
969	969	969	969	969	969	969	969	969	969	969	969	969	969	969	969	969	969	969	969	969	969	969	969	290	290	290	290	290	290	290	290	290	290	290	290	290	290	290	290	290	290	290	290	290	290	290	290	579	579	579	579	579	579	579	579	579	579	579	579	579	579	579	579	579	579	579	579	579	579	579	
568	568	568	568	568	568	568	568	568	568	568	568	568	568	568	568	568	568	568	568	568	568	568	568	568	568	568	568	568	568	568	568	568	568	568	568	568	568	240	240	240	240	240	240	240	240	240	240	240	240	240	240	240	240	240	240	240	240	240	240	240	240	240	240	240	240	240	240	240	240	240	240	240	240	240	240	240	240	240	240	240	240	240	240	240	240	240	
969	969	969	969	969	969	969	969	969	969	969	969	969	969	969	969	969	969	969	969	969	969	969	969	969	969	969	969	969	969	969	969	969	969	969	969	969	969	969	969	969	969	969	969	969	969	969	969	969	969	969	969	969	969	969	969	969	969	969	969	969	969	969	
568	568	568	568	568	568	568	568	568	568	568	568	568	568	568	568	568	568	568	568	568	568	568	568	568	568	568	568	568	568	568	568	568	568	568	568	568	568	568	568	568	568	568	568	568	568	568	568	568	568	568	568	568	568	568	568	240	240	240	240	240	240	240	240	240	240	240	240	240	240	240	240	240	240	
969	969	969	969	969	969	969	969	969	969	969	969	969	969	969	969	969	969	969	969	969	969	969	969	969	969	969	969	969	969	969	969	969	969	969	969	969	969	969	969	969	969	969	969	969	969	969	969	969	969	969	969	969	969	969	969	969	969	969	969	969	969	969	969	969	969	969	969	969	969	
568	568	568	568	568	568	568	568	568	568	568	568	568	568	568	568	568	568	568	568	568	568	240	240	240	240	240	240	240	240	240	240	240	240	240	240	240	240	240	240	240	240	240	240	240	240	240	240	240	240	240	240	240	240	240	240	240	969	969	969	969	969	969	969	969	969	969	969	969	969	969	969	969	969	969	969	969	969	969	969	969	969	969	969	969	969	969	969	969	969	969	969	969	969	969	969	969	969	969	
969	969	969	969	969	969	969	969	969	969	969	969	969	969	969	290	290	290	290	290	290	290	290	290	290	290	290	290	290	290	290	290	290	579	579	579	579	579	579	579	579	579	579	579	579	579	579	579	579	579	579	579	579	579	579	579	579	579	579	579	579	579	579	579	579	579	579	579	
568	568	568	568	568	568	568	568	568	568	568	568	568	568	568	568	568	568	568	568	568	568	240	240	240	240	240	240	240	240	240	240	240	240	240	240	240	240	240	240	240	240	240	240	240	240	240	240	240	240	240	240	240	240	240	969	969	969	969	969	969	969	969	969	969	969	
290	290	290	290	290	290	290	290	290	290	290	290	290	290	290	290	290	290	290	290	290	290	290	290	290	290	290	290	290	290	290	579	579	579	579	579	579	579	579	579	579	579	579	579	579	579	579	579	579	579	579	579	579	579	579	579	579	579	579	579	579	579	579	579	579	579	579	579	579	579	579	579	579	579	579	579	579	579	579	579	579	579	579	579	579	579	579	579	579	579	579	579	579	579	579	579	579	579	579	579	579	579	
568	568	568	568	568	568	568	568	568	568	568	568	568	568	568	568	568	568	568	568	568	568	348	348	348	348	348	348	348	348	348	348	348	348	348	348	348	348	348	348	348	348	348	348	348	348	348	348	348	348	348	348	348	348	348	348	348	348	348	348	348	348	348	348	348	348	348	348	348	348	348	348	348	348	
969	969	969	969	969	969	969	969	969	969	969	969	969	969	969	969	969	969	969	969	969	969	969	969	969	240	240	240	240	240	240	240	240	240	240	240	240	240	240	240	240	240	240	240	240	240	240	240	240	240	240	240	240	240	240	240	240	240	472	
568	568	568	568	568	568	568	568	568	568	568	568	568	568	568	568	568	568	568	568	143	568	143	143	143	143	143	143	208	143	143	143	143	143	143	143	143	143	143	143	143	143	143	143	143	143	143	143	143	143	143	143	143	143	1006	1006	1006	143	1006	1006	1006	1006	1006	1006	1006	1006	1006	1006	1006	

