47	47	47	47	47	47	47	767	767	767	767	767	767	767	711	711	47	47	47	47	47	47	47	47	47	47	47	47	47	47	47	47	711	711	711	711	711	47	550	550	790	790	790	790	790	550	47	47	47	47	47	47	47	47	47	47	47	47	47	47	47	767	767	767	767	767	767	767	767	767	711	550	550	550	550	711	711	711	711	711	711	711	711	711	711	767	767	767	767	767	767	767	767	767	767	767	767	767	767	767	767	767	767	767	767	767	767	767	767	767	767	767	767	767	767	767	767	
550	550	550	550	550	550	550	767	767	767	767	767	767	767	767	767	767	47	186	186	186	47	47	47	47	47	47	47	47	47	47	47	767	767	767	767	767	767	767	767	767	550	550	550	550	550	550	550	550	550	550	550	550	550	550	550	550	767	767	767	767	767	767	767	767	767	767	767	47	47	47	47	47	47	47	47	47	47	767	47	767	
767	711	711	711	711	711	47	186	186	186	186	711	711	47	767	711	711	711	711	711	711	711	711	711	711	711	711	767	711	550	47	47	550	790	790	790	790	790	790	790	790	790	790	790	47	790	47	550	47	550	550	550	767	550	767	767	767	767	711	711	711	711	711	767	767	767	711	711	711	711	711	711	711	711	711	711	711	767	767	767	767	767	767	767	767	47	47	47	47	47	767	767	767	
30	30	30	30	30	550	30	30	550	550	550	550	550	550	550	550	550	550	550	47	47	47	550	550	550	550	550	550	30	30	928	30	30	550	30	30	550	30	30	30	30	30	30	30	30	30	30	30	30	30	30	30	30	30	30	30	30	30	30	30	30	30	30	30	30	30	30	30	30	30	30	30	30	30	30	30	30	30	30	928	928	928	928	928	928	928	928	928	928	928	928	928	928	928	928	928	928	928	928	928	928	928	928	928	928	928	928	928	
186	186	186	186	186	186	186	47	47	47	47	47	550	550	550	550	550	550	550	550	550	550	550	550	550	550	550	550	550	550	550	550	550	550	550	550	550	550	550	550	550	767	767	767	767	767	767	767	767	767	767	767	767	767	767	767	767	767	767	767	47	47	47	47	47	47	47	47	47	47	47	47	47	47	47	47	47	47	47	47	47	47	47	47	47	550	767	47	47	47	47	47	767	767	767	767	767	767	767	767	767	767	767	767	767	767	767	
767	711	47	47	47	47	47	47	47	47	47	47	47	47	47	47	47	47	711	711	767	767	767	767	550	550	550	550	550	550	550	550	550	550	550	550	550	550	550	550	550	550	550	550	550	550	767	767	767	47	47	47	47	47	47	47	47	47	47	47	47	47	47	47	47	47	47	47	47	767	767	767	550	550	550	550	550	550	550	550	550	550	767	767	767	767	767	767	767	767	767	767	767	767	47	47	767	47	47	47	47	47	47	47	47	47	47	47	47	47	
47	47	47	47	928	928	47	47	47	47	47	47	47	47	47	47	47	47	30	30	550	550	550	790	550	790	790	550	550	550	550	550	550	550	711	711	711	790	790	790	790	790	928	928	928	186	186	928	928	928	928	928	928	928	928	928	928	186	186	47	928	790	790	790	790	711	711	711	711	711	711	711	711	
711	711	711	711	711	711	711	47	47	47	47	47	711	711	711	711	711	711	711	711	711	47	550	550	550	550	790	790	790	790	550	790	790	790	790	790	790	790	790	790	790	790	790	790	790	711	711	711	711	711	711	711	711	711	711	711	711	711	711	711	711	711	711	790	790	790	790	790	790	790	790	790	790	790	790	790	790	790	790	790	790	790	790	790	790	790	790	790	790	790	790	790	711	711	711	711	711	711	711	711	711	711	711	711	711	790	790	790	790	790	790	790	790	790	928	928	928	928	928	790	790	928	928	928	928	790	928	790	790	790	790	790	790	790	790	790	790	790	550	550	550	550	550	550	550	550	550	550	790	711	711	711	711	
550	550	550	550	550	550	550	767	767	767	767	767	767	186	186	186	186	186	186	186	186	186	186	186	186	47	47	767	767	550	550	550	550	550	550	550	550	550	550	550	550	550	550	550	550	550	550	550	550	767	767	767	767	767	767	47	47	47	47	47	47	47	47	47	47	767	47	47	47	767	767	767	767	767	550	550	550	767	767	767	767	767	767	767	767	767	767	767	767	767	767	767	767	767	767	767	767	47	47	47	47	47	47	47	
550	550	550	550	550	550	550	550	550	550	550	550	550	550	550	550	550	550	550	550	550	550	550	550	550	47	767	767	767	767	767	767	767	767	767	767	767	767	767	767	767	767	767	767	550	550	550	550	550	550	550	550	550	550	550	550	550	550	550	550	550	550	550	550	550	550	550	550	47	47	767	767	767	767	767	767	767	767	767	767	767	767	767	767	767	767	767	767	767	767	767	47	47	47	47	47	47	47	47	47	47	47	47	47	47	47	47	47	47	550	550	47	47	47	767	767	767	767	767	767	767	767	767	767	767	767	767	767	767	767	767	767	767	767	767	767	767	767	47	47	
790	790	790	790	790	790	790	790	790	790	186	186	186	186	186	186	186	186	186	186	186	186	186	47	186	47	790	790	790	790	790	790	790	790	790	790	711	711	711	711	711	711	767	767	711	711	711	790	790	790	790	790	47	186	186	186	186	186	186	186	186	186	47	
47	47	47	47	47	47	47	47	47	47	47	47	47	47	47	47	47	550	550	550	550	550	550	550	550	550	550	550	550	550	550	550	550	550	550	550	550	550	47	47	47	47	47	767	767	767	767	767	767	767	767	767	767	767	767	767	767	47	47	47	47	47	550	47	47	47	47	47	47	47	47	47	47	47	47	47	550	550	550	550	47	47	47	47	767	767	767	767	767	767	767	767	767	767	767	767	767	767	767	47	47	47	47	47	47	47	47	47	47	47	47	47	47	47	47	
767	767	767	186	186	186	186	186	186	186	186	186	186	186	186	186	186	186	767	767	767	767	767	767	550	550	550	550	550	550	767	767	767	767	767	767	767	767	767	767	767	767	767	767	767	767	767	767	767	186	186	186	186	186	186	186	186	186	186	47	47	767	767	767	767	767	767	767	767	767	767	550	767	767	767	767	767	767	767	767	767	767	767	767	767	767	767	767	767	767	767	767	47	47	47	767	
711	711	711	186	186	186	186	186	186	186	186	186	186	186	186	186	186	186	186	186	186	186	711	711	186	186	186	790	790	790	790	790	790	790	790	790	790	790	790	790	790	790	790	790	711	186	186	186	186	186	186	186	186	186	711	711	711	711	711	711	711	711	711	711	711	711	186	186	186	186	186	550	790	790	790	790	790	790	790	790	790	790	790	790	790	550	550	550	550	550	47	186	186	711	711	711	711	711	711	711	711	711	711	711	711	711	711	711	550	550	550	550	550	550	550	550	550	47	47	47	790	790	790	47	47	47	47	
550	550	767	767	767	767	767	767	767	767	186	186	186	186	186	186	186	186	186	186	186	767	767	767	767	767	767	767	767	767	550	550	550	550	550	550	550	550	550	550	550	550	550	767	767	767	767	767	767	767	767	767	767	767	186	186	186	186	186	186	186	767	767	767	767	767	767	767	767	767	767	767	767	767	767	767	767	767	767	767	767	767	767	767	767	767	767	767	
47	47	186	186	186	186	186	186	186	186	186	186	186	186	186	186	186	186	711	711	711	711	550	550	550	550	550	550	550	550	550	550	550	550	550	550	550	550	550	550	550	550	550	550	47	47	47	186	186	767	767	767	767	767	767	767	767	767	767	767	767	767	550	550	550	550	550	550	550	550	550	550	550	550	550	550	47	47	47	47	47	550	550	550	550	550	550	47	47	47	47	767	767	767	767	767	767	767	767	767	767	767	767	767	47	47	47	47	550	550	550	550	550	550	550	550	550	550	550	47	47	47	47	47	47	47	47	47	47	47	47	47	767	767	767	767	767	767	767	767	767	767	767	767	
550	550	550	550	711	711	711	767	186	186	186	186	186	186	186	186	186	186	186	186	186	186	186	186	186	711	711	711	711	711	711	711	550	550	550	550	550	550	550	550	550	550	550	550	550	550	550	550	550	550	550	550	550	47	47	47	186	186	186	186	186	186	186	186	186	186	186	186	186	186	186	186	186	186	711	767	767	767	550	550	550	550	550	550	767	767	767	767	767	767	767	767	767	767	767	711	711	711	711	711	47	767	186	186	186	186	186	186	186	186	186	
550	47	47	47	47	47	47	186	47	47	47	47	47	47	47	47	47	47	47	47	550	550	550	550	550	550	550	550	550	550	550	550	550	550	550	550	550	550	550	550	550	550	550	47	47	47	47	47	47	47	47	47	47	47	47	767	767	767	47	47	767	767	47	47	47	550	550	550	550	550	550	550	550	550	47	47	47	47	47	47	47	47	47	47	47	47	47	767	767	767	767	767	767	767	767	767	767	767	767	767	767	767	767	767	767	767	767	47	47	47	47	47	47	47	47	47	47	47	47	47	47	47	47	47	
767	767	767	767	767	767	767	550	550	550	550	550	550	550	550	550	550	550	550	550	550	550	550	550	550	767	767	767	767	767	767	767	767	767	186	186	186	186	186	186	186	186	186	767	767	767	767	767	767	767	767	767	767	767	767	767	550	550	550	550	550	550	550	550	550	550	550	550	550	767	767	767	767	767	767	767	767	767	767	767	767	47	767	767	767	767	767	47	767	767	767	767	767	767	767	767	767	767	767	767	767	767	767	767	767	767	767	767	767	767	767	767	767	767	767	767	767	767	767	767	47	47	767	767	767	767	767	767	
47	47	47	47	47	47	186	47	47	47	47	47	47	47	47	47	47	47	550	550	550	550	550	550	550	550	550	550	550	550	550	550	550	550	550	550	550	550	550	550	550	550	47	47	47	47	47	47	47	47	47	47	47	47	47	47	47	47	47	47	47	47	47	47	47	47	47	47	47	47	47	47	47	47	47	47	47	47	47	47	47	47	47	550	550	47	47	47	47	47	47	767	767	767	767	767	767	767	767	767	767	767	767	767	767	767	767	767	767	767	767	47	47	47	47	47	47	47	47	47	47	47	47	47	47	47	47	47	47	47	47	47	767	767	767	767	767	767	767	767	767	767	767	767	767	767	767	767	767	767	767	767	767	767	767	767	767	767	767	767	767	767	767	767	767	767	
550	47	711	711	47	186	186	186	186	186	186	186	186	186	186	186	186	186	186	186	186	186	47	550	550	550	550	550	550	550	550	550	550	550	550	550	550	550	550	550	550	550	550	47	47	47	186	186	186	186	186	186	186	186	186	186	186	186	186	186	186	186	186	186	186	47	767	767	767	550	550	550	550	767	767	767	767	767	767	767	767	767	767	47	47	47	47	47	47	47	47	186	186	186	186	186	186	186	186	186	186	47	47	47	47	47	767	767	767	767	767	767	767	
550	550	550	47	47	47	47	47	47	47	47	186	186	47	47	47	47	47	47	47	47	550	550	47	47	550	550	550	550	550	550	550	550	550	550	550	550	47	47	47	47	550	550	550	550	550	550	550	550	47	47	47	47	47	767	767	767	767	767	767	767	767	767	767	767	767	767	767	767	47	47	47	47	47	47	47	47	47	47	47	47	47	47	47	550	550	550	550	47	47	47	47	47	767	47	767	767	767	767	767	767	767	767	767	767	767	767	767	767	767	767	767	767	47	47	47	47	47	47	47	47	47	47	47	47	47	47	
550	550	47	47	47	47	186	47	47	47	47	47	47	47	47	47	47	47	47	47	550	550	550	550	550	550	550	550	550	550	550	547	547	547	550	550	550	550	790	790	790	790	790	790	186	186	186	186	186	186	186	186	47	47	47	47	47	47	47	47	47	47	550	550	550	550	550	550	790	790	790	550	550	550	767	767	767	550	550	550	550	550	550	550	790	790	186	186	186	186	186	186	186	186	186	186	47	47	47	
550	550	711	711	711	711	711	711	711	186	186	186	186	186	186	186	186	186	186	186	186	186	186	186	186	186	186	186	186	186	186	711	711	711	711	711	711	550	790	790	790	790	790	790	790	550	790	550	550	790	790	550	550	550	550	711	711	711	186	186	186	186	186	186	186	186	186	186	186	186	186	186	186	186	186	186	186	186	711	711	711	550	550	550	550	550	790	550	550	550	550	550	790	790	550	790	790	790	550	550	550	550	550	711	711	711	186	186	186	186	186	186	186	186	186	186	711	711	711	711	711	711	711	711	711	711	550	550	550	550	550	550	550	790	790	790	550	790	790	790	790	790	790	790	47	47	47	47	47	47	47	47	767	711	711	767	767	767	767	767	767	767	767	767	767	767	767	
550	711	711	711	711	47	47	47	47	47	47	47	47	47	47	47	47	47	47	47	47	47	47	47	711	550	550	550	550	550	550	550	550	550	547	547	547	547	550	550	550	550	550	550	550	790	550	790	790	790	47	186	186	186	186	186	186	928	186	186	47	47	47	928	47	47	47	550	550	790	550	550	550	550	550	550	711	711	711	711	711	767	767	767	767	711	550	550	550	550	550	790	550	790	186	186	186	186	186	186	186	186	186	186	186	47	47	
550	550	550	550	550	550	550	550	550	550	550	550	550	550	550	550	550	47	47	47	47	186	186	186	186	186	186	186	186	186	186	186	186	47	47	47	47	47	550	550	550	550	550	550	550	550	550	550	550	550	550	550	550	550	550	550	550	550	550	550	550	550	550	47	47	47	47	47	47	47	47	47	47	47	47	47	47	47	47	47	47	47	47	47	47	47	47	47	47	47	47	47	47	47	47	47	47	47	47	47	550	550	550	550	550	550	47	47	47	47	47	47	47	767	767	767	767	767	767	767	767	767	767	767	767	47	47	47	47	47	47	47	47	47	47	47	47	47	47	47	47	47	47	47	47	550	550	550	550	47	47	47	47	47	47	47	767	767	767	767	767	767	767	767	767	767	767	767	
30	30	30	30	30	30	30	30	30	47	47	30	30	30	30	30	30	30	30	30	30	30	30	30	30	30	30	30	30	30	30	30	30	30	30	30	30	30	30	30	30	30	30	30	30	30	30	30	30	30	30	928	928	928	928	30	928	928	928	928	928	928	928	928	928	928	928	928	928	928	928	928	928	928	928	30	30	30	30	30	30	30	30	30	30	30	30	30	30	478	478	478	928	928	928	928	928	928	928	928	928	928	928	
550	550	550	550	550	550	550	550	550	550	550	47	47	47	47	47	47	47	47	47	47	47	47	47	47	47	47	47	47	47	47	47	47	47	47	47	47	47	47	47	47	47	47	47	47	47	47	47	47	47	47	47	47	47	550	550	550	550	767	767	767	47	47	47	47	47	47	47	47	47	47	47	47	767	767	767	767	767	767	767	767	47	47	47	47	47	47	47	47	47	47	47	47	47	47	47	47	47	47	47	47	550	767	767	767	767	767	767	767	767	767	767	767	767	767	767	767	767	767	767	767	767	767	767	767	767	767	767	767	47	47	47	47	47	47	47	47	47	47	47	47	47	47	47	47	
550	550	550	550	550	550	550	550	550	550	550	711	711	711	711	711	47	186	186	186	186	186	186	186	186	186	186	186	186	186	186	186	186	186	186	711	711	550	550	550	550	550	550	550	550	550	550	550	550	711	711	711	711	711	711	711	550	47	186	186	186	186	186	186	186	186	186	186	186	186	186	186	186	186	186	186	186	186	550	550	550	550	550	550	711	711	711	711	711	711	711	
550	550	767	767	767	767	711	711	47	47	47	47	47	47	47	47	47	47	47	47	47	47	47	47	47	47	767	767	767	767	767	550	550	550	550	550	550	550	550	550	550	550	550	550	550	550	550	550	550	550	550	550	550	767	767	767	47	47	47	47	47	47	47	47	47	47	47	47	47	47	47	47	47	47	767	767	767	767	767	550	550	550	550	550	550	550	550	550	550	550	550	550	550	550	767	767	767	767	767	767	47	47	767	47	47	47	47	47	47	47	47	47	47	47	47	47	47	47	
767	767	767	767	767	767	767	767	767	767	767	767	767	767	767	767	767	767	767	767	767	767	767	711	711	711	47	47	550	550	550	550	550	550	550	47	47	47	47	47	47	47	550	550	550	550	550	
550	550	550	550	550	550	550	47	47	47	47	47	47	767	47	47	47	47	47	47	47	47	47	47	47	550	550	550	550	550	550	47	47	47	47	47	47	47	47	47	47	47	47	47	550	550	550	550	550	47	47	47	767	767	767	767	767	767	767	767	767	767	767	767	47	47	
550	550	550	550	550	767	767	767	767	767	767	767	186	186	186	186	186	186	186	186	186	186	186	47	767	47	767	767	767	767	767	767	767	550	550	550	550	550	550	550	550	550	550	550	550	550	550	767	767	767	767	767	767	767	767	767	767	186	47	47	47	47	47	47	47	47	767	47	767	767	767	767	767	767	767	767	767	767	767	767	767	767	767	767	767	767	767	767	767	767	
550	550	47	550	550	550	550	550	550	550	550	550	550	550	47	47	47	47	47	47	47	47	47	47	186	47	47	47	47	47	47	47	47	47	47	47	47	47	47	47	550	550	550	550	550	550	550	550	550	550	550	550	550	550	550	550	550	550	550	550	550	550	550	47	47	47	47	47	47	47	47	47	47	47	47	47	47	47	47	47	47	47	47	47	47	47	47	47	47	47	47	47	47	47	47	47	47	47	47	47	47	47	47	47	47	550	550	550	47	47	47	47	47	47	47	767	767	767	767	767	767	767	767	767	767	767	767	767	767	767	767	767	47	47	47	47	550	550	550	550	550	550	550	550	47	47	47	
47	47	47	47	47	711	711	711	711	711	711	711	711	711	711	711	711	711	711	711	711	711	711	711	711	711	711	711	711	711	711	711	711	711	711	711	711	711	711	711	711	711	711	767	767	767	767	767	767	767	767	767	767	767	767	767	767	767	767	767	767	767	767	767	767	767	711	711	711	711	711	711	711	711	550	550	550	550	550	550	550	550	550	550	550	550	550	550	550	550	550	550	550	550	550	550	30	711	711	47	47	47	186	186	186	186	186	186	186	186	186	186	186	186	186	186	186	47	711	711	711	711	711	711	550	550	550	550	550	550	550	550	550	711	711	711	711	711	711	711	711	711	711	30	30	30	30	186	186	186	186	186	186	186	186	186	186	186	186	186	186	186	186	186	186	711	550	550	550	550	550	550	550	550	550	711	711	711	711	711	711	711	711	711	711	711	711	711	711	186	186	186	186	186	186	186	186	186	186	186	186	186	186	
186	47	47	47	47	550	550	550	550	550	550	550	550	550	550	550	550	550	550	550	550	550	550	550	550	550	47	550	550	550	550	47	47	47	47	47	186	186	186	186	186	186	186	186	186	186	47	47	47	47	47	550	550	550	550	550	550	550	550	550	550	550	550	550	550	550	550	550	550	550	550	550	550	550	47	47	47	47	47	47	47	47	47	47	47	767	767	767	767	767	767	767	767	767	767	767	47	47	47	47	47	47	47	47	47	47	47	47	47	47	47	47	47	47	47	
30	30	30	30	47	47	47	47	47	30	30	30	30	30	30	30	30	30	30	30	30	30	30	30	30	30	30	30	30	30	30	30	30	30	30	30	30	30	30	30	30	30	30	30	30	30	30	30	30	30	30	30	30	928	928	928	928	928	928	928	928	928	928	928	928	928	928	928	928	928	30	30	30	30	30	30	30	30	30	30	30	30	30	30	30	478	478	478	478	478	478	928	928	928	928	928	928	928	928	928	928	928	928	928	928	928	928	928	928	928	928	928	
550	47	47	47	186	186	186	186	186	186	186	186	186	186	186	186	186	186	186	186	186	47	47	47	47	550	550	550	550	550	550	550	550	550	550	550	550	550	550	550	550	550	550	550	550	550	550	47	47	47	186	186	186	186	186	186	186	186	186	186	186	186	186	186	186	47	47	47	550	550	550	550	550	550	550	550	550	550	550	550	550	550	550	550	550	550	550	550	550	550	47	47	47	47	186	186	186	186	186	186	186	186	186	186	186	186	186	186	186	47	47	47	47	550	550	550	550	550	550	550	550	550	550	550	550	550	550	550	47	47	550	550	47	550	47	47	47	767	767	767	767	767	767	767	767	767	767	767	767	767	767	767	
550	30	30	30	30	30	30	30	30	30	30	30	30	30	30	30	30	30	30	30	30	30	30	30	30	30	30	928	928	928	30	30	30	30	30	928	928	928	928	928	928	928	928	928	30	30	30	30	30	30	30	30	30	30	30	30	30	928	928	478	478	478	928	928	928	928	928	928	928	928	928	928	928	928	928	928	928	928	928	928	
550	550	550	550	550	550	550	550	767	767	767	711	711	711	711	711	711	711	711	47	711	47	47	47	47	711	711	711	711	711	711	711	711	711	711	711	550	790	790	790	790	790	790	790	790	790	790	790	790	790	790	790	790	790	790	790	790	790	790	790	711	711	711	711	711	711	711	711	711	711	711	711	711	711	711	711	711	711	711	711	711	790	790	790	790	790	790	790	790	790	790	790	790	790	790	790	186	790	790	790	790	790	790	790	790	790	790	790	790	711	711	711	711	711	711	711	711	711	711	711	
767	767	767	767	767	767	767	767	767	767	767	550	550	550	550	550	550	550	550	550	550	550	550	550	550	550	550	550	550	550	550	767	767	767	767	767	186	186	186	186	186	186	186	186	186	186	186	186	186	186	186	186	767	767	767	767	767	767	767	550	550	550	550	550	550	550	550	550	550	767	767	767	767	767	767	767	767	767	767	767	767	767	186	186	186	186	186	186	186	186	186	186	47	47	47	767	767	767	767	767	767	767	767	767	767	767	767	767	767	767	767	767	767	
550	550	550	550	550	550	550	550	550	550	550	550	47	47	47	186	186	186	186	186	186	186	186	186	186	186	186	186	186	47	47	47	47	47	47	47	47	47	47	550	550	550	550	550	550	550	550	550	550	550	550	550	550	550	550	550	550	550	47	47	47	47	47	47	186	186	186	186	186	186	186	186	186	186	186	47	47	47	47	47	47	47	47	47	47	47	550	550	550	550	550	550	550	550	47	47	550	550	550	550	550	550	47	47	47	47	47	767	767	767	767	767	767	767	767	767	767	767	767	767	767	47	47	47	47	47	47	47	47	47	550	550	550	550	550	550	550	550	550	550	47	47	47	47	47	47	47	47	47	767	767	767	767	767	767	767	767	767	767	767	767	767	767	
30	30	30	30	30	30	30	30	30	30	30	30	30	47	47	47	47	47	47	47	47	47	47	47	47	47	47	47	47	47	30	30	30	30	30	30	30	30	30	30	30	30	30	30	30	30	30	30	30	30	30	30	30	30	30	30	30	30	30	30	30	30	30	30	186	186	186	186	186	186	928	186	186	30	30	30	30	30	30	30	30	30	30	30	30	30	30	30	30	30	30	30	30	30	30	30	30	30	30	30	30	30	30	30	30	30	30	928	928	928	928	928	928	928	928	928	928	928	30	928	928	928	928	30	30	30	30	30	30	30	30	30	30	30	30	30	30	30	104	
550	550	550	550	550	550	550	550	550	550	550	47	47	47	47	186	186	186	186	186	186	186	186	186	186	186	186	186	186	186	186	47	47	47	47	47	550	550	47	47	47	47	47	47	47	47	47	47	47	47	47	550	550	550	550	550	550	550	47	47	47	47	47	47	47	47	47	47	47	47	47	47	47	47	767	767	767	767	47	47	47	47	47	47	47	47	47	47	47	47	47	47	47	47	47	47	47	47	550	47	47	47	47	47	767	767	767	767	767	767	767	767	767	767	767	767	767	767	767	767	767	767	767	767	767	47	47	47	47	47	47	47	47	47	47	47	47	47	47	47	47	47	47	47	47	47	47	47	767	767	767	767	767	767	767	767	767	767	767	767	767	767	767	767	
30	30	30	30	30	30	30	30	30	30	47	47	186	186	186	186	186	186	186	186	186	186	186	186	186	186	30	30	30	30	30	30	30	30	30	30	30	30	30	30	30	30	30	30	30	30	30	30	30	30	30	30	30	30	30	30	186	186	186	186	186	186	186	186	186	186	186	186	186	186	30	30	30	30	30	30	30	30	30	30	30	30	30	104	104	104	711	711	711	104	711	30	30	30	30	30	30	186	186	186	186	186	186	186	186	186	186	186	186	186	186	186	186	
47	47	47	550	550	550	47	47	47	47	47	47	47	47	47	47	47	47	47	47	47	47	47	47	47	47	47	47	550	550	550	550	550	550	550	550	550	550	550	550	550	550	550	550	550	550	47	550	550	550	47	47	47	47	47	47	47	47	47	47	47	767	47	47	47	47	47	47	47	47	47	47	47	47	47	47	47	47	47	47	47	47	47	47	47	767	47	47	47	47	47	47	47	47	47	47	47	47	767	767	767	767	767	767	767	767	767	767	767	767	767	767	47	47	47	47	47	47	47	47	47	47	47	47	47	47	47	47	
550	550	550	550	550	550	550	550	550	550	711	47	767	186	186	186	186	186	186	186	186	186	186	186	186	186	186	186	186	186	47	47	47	767	550	550	550	550	550	550	550	550	550	550	550	550	550	550	550	550	550	550	550	550	47	47	47	186	186	186	186	186	186	186	186	186	186	186	186	186	186	186	186	186	186	47	767	767	767	550	550	550	550	550	550	550	550	550	550	767	767	767	767	711	711	47	47	47	47	47	186	186	186	186	186	186	186	186	186	186	186	186	186	186	186	186	47	47	767	767	767	767	
550	550	550	550	550	550	550	550	550	550	550	550	47	47	47	47	47	47	47	47	186	47	47	47	47	47	47	47	47	47	47	47	47	550	550	550	550	550	550	550	550	550	550	550	550	550	550	550	550	550	550	550	550	550	550	550	47	47	47	47	47	47	47	47	47	47	47	47	47	47	47	47	47	47	47	47	47	550	550	550	550	550	550	550	550	550	550	550	550	550	550	550	550	550	550	550	550	550	550	550	47	47	47	47	47	47	767	767	767	767	767	767	767	767	767	767	767	767	767	767	767	767	47	47	47	47	47	47	550	550	550	550	550	550	550	550	550	47	47	47	47	47	47	47	47	47	47	47	47	47	47	767	767	767	767	767	767	767	767	767	
30	30	30	30	30	30	30	30	30	30	30	30	47	47	186	186	186	186	47	47	47	47	186	47	47	186	186	186	30	30	30	30	30	30	30	30	30	30	30	30	30	30	30	30	30	30	30	30	30	30	30	30	30	30	30	30	30	30	30	30	30	30	30	928	928	186	186	186	186	186	186	928	928	928	928	30	30	30	30	30	30	30	30	30	30	30	104	104	104	104	104	104	104	104	30	30	30	30	30	928	928	928	928	928	928	928	928	928	928	928	928	928	928	928	928	928	186	
550	550	550	550	550	550	550	550	47	47	47	186	186	186	186	186	186	186	186	186	186	186	47	47	47	47	47	47	550	550	550	550	550	550	550	550	550	550	550	550	550	550	550	550	550	550	550	550	550	550	550	550	47	47	47	47	47	47	767	767	767	767	767	767	767	47	767	47	47	47	47	47	47	47	47	47	47	47	47	47	47	47	47	550	47	47	47	47	47	47	47	47	47	550	550	550	550	550	47	47	47	767	767	767	767	767	767	767	767	767	767	767	767	767	47	47	47	767	47	47	47	47	47	47	47	550	550	550	550	550	550	550	550	47	47	47	47	
30	30	30	30	30	30	30	30	30	30	30	30	30	30	30	30	30	30	30	30	30	30	30	30	30	30	30	47	30	30	47	30	30	30	30	30	30	30	30	30	30	30	30	30	30	30	30	30	30	30	30	30	30	30	30	30	30	30	30	30	30	928	928	928	928	928	928	928	928	928	928	928	928	928	928	928	928	928	30	30	30	30	30	30	30	30	30	30	30	30	30	30	928	478	478	478	478	928	928	928	928	928	928	928	928	928	928	928	928	928	928	928	928	928	928	928	
550	550	550	550	550	47	47	47	47	47	47	47	47	47	47	47	47	47	47	47	47	47	47	47	47	47	47	550	550	550	550	550	550	550	550	550	550	550	550	550	550	550	550	550	550	550	550	550	790	550	550	47	47	47	47	186	47	47	47	47	47	47	47	47	47	47	47	47	47	47	47	550	550	550	550	550	550	550	550	550	550	550	550	767	767	767	
186	186	186	47	47	47	550	550	550	550	550	550	550	550	550	550	550	550	550	550	550	550	550	550	550	550	550	550	550	550	550	550	550	550	47	47	47	47	47	47	47	767	767	767	767	767	767	767	767	767	767	767	767	767	550	47	47	47	47	47	47	47	47	47	47	47	47	47	47	47	47	47	47	550	550	550	550	47	47	47	47	47	767	767	767	767	767	767	767	767	767	767	767	767	767	767	
550	550	550	550	550	550	30	30	30	30	711	711	711	186	186	186	186	186	186	186	186	186	186	186	186	186	186	186	186	186	186	186	186	711	550	711	711	550	550	550	550	550	550	550	550	550	550	550	550	550	550	30	30	30	30	30	30	30	186	186	186	186	186	186	186	186	186	186	186	186	186	186	186	186	186	186	186	186	711	711	711	711	711	711	711	711	711	711	711	711	711	711	711	711	711	711	711	711	711	711	711	711	711	186	186	186	186	186	186	186	186	186	186	186	186	186	
767	767	767	767	550	550	711	711	711	47	186	186	186	186	186	186	186	186	186	186	186	186	186	186	186	186	186	186	186	186	186	711	711	711	711	711	711	550	550	550	550	550	550	550	550	550	550	550	550	550	550	550	550	550	550	550	550	47	47	186	186	186	186	186	186	186	186	186	186	186	186	186	186	186	186	186	186	186	47	550	550	550	550	550	550	550	550	550	550	550	550	550	550	550	550	550	550	550	550	550	550	550	47	47	47	186	186	186	711	711	767	767	767	767	767	767	767	767	47	47	47	47	550	550	550	550	550	550	47	47	47	47	47	47	47	47	47	47	47	550	550	550	550	550	550	550	550	47	47	767	767	767	767	767	767	767	767	767	767	767	767	767	767	
30	30	30	30	30	30	30	30	30	30	30	30	30	928	928	30	928	30	30	30	30	30	928	30	928	30	30	30	30	30	30	30	30	30	30	30	30	30	30	30	30	30	30	30	30	30	30	30	30	30	30	30	30	928	928	928	928	928	928	928	928	928	928	928	928	928	928	928	928	928	928	928	928	928	928	928	30	30	30	30	30	928	928	928	790	550	928	478	478	478	478	478	478	478	104	104	104	928	928	928	928	928	928	928	928	928	928	928	928	928	928	928	928	928	928	928	928	928	928	928	928	928	928	928	928	478	478	478	478	478	478	478	478	478	478	478	
47	47	47	47	47	47	47	550	550	550	550	550	550	550	550	47	47	47	47	47	47	47	47	47	47	47	47	47	47	47	47	47	47	47	47	47	47	47	47	47	47	550	550	550	550	550	550	550	550	550	550	550	550	550	550	550	550	550	550	550	550	550	550	47	47	47	47	47	47	47	47	47	47	47	47	47	47	47	47	47	47	47	47	47	47	47	47	47	47	47	47	47	47	47	47	47	47	47	47	47	47	47	47	550	550	550	550	47	47	767	767	767	767	767	767	767	767	767	767	767	767	767	767	767	767	767	767	767	

