767	767	767	711	711	711	711	711	711	711	711	711	711	711	711	711	711	711	711	711	711	711	711	711	711	711	711	711	711	711	711	711	711	711	711	711	711	711	711	711	711	711	711	711	711	711	711	711	711	
47	47	47	47	47	47	47	47	47	47	47	47	47	47	47	47	47	47	47	47	767	47	47	47	47	47	47	47	47	47	47	47	47	47	767	767	767	767	767	767	767	767	767	767	767	767	767	767	767	767	767	767	767	767	
711	711	550	550	550	30	30	30	30	30	30	30	550	478	30	478	30	30	30	30	30	30	478	478	478	478	478	478	478	478	478	478	478	478	478	478	104	478	478	928	928	928	928	928	928	928	928	928	928	478	478	478	478	478	478	478	
767	767	767	767	767	767	767	767	767	767	767	767	767	767	767	767	711	47	47	47	47	711	767	767	767	767	767	767	47	47	47	47	47	47	47	767	47	767	767	767	767	767	767	767	767	767	767	767	767	711	767	767	767	767	767	
767	711	711	711	711	767	767	767	767	767	711	711	711	711	711	711	711	711	711	711	711	711	711	711	711	711	711	711	711	711	711	711	711	711	711	711	711	711	767	711	767	767	767	767	767	767	767	711	711	711	711	711	711	711	711	711	711	767	
711	711	711	711	711	711	711	711	711	711	711	711	711	711	711	711	711	711	711	711	711	711	711	711	790	790	790	790	790	790	790	711	790	711	711	711	711	711	711	186	478	478	790	790	186	186	790	790	478	478	790	790	790	790	790	790	790	104	790	790	790	790	790	
767	767	767	767	767	767	767	767	767	767	767	767	767	767	767	767	767	767	767	767	767	767	767	767	767	767	767	767	767	767	767	767	767	767	767	767	767	767	767	767	767	767	767	767	767	767	767	767	767	767	767	767	767	767	767	767	767	767	767	767	767	767	767	767	767	767	767	767	767	767	767	767	767	767	767	767	767	767	767	767	767	767	767	767	767	767	767	767	767	767	767	767	767	767	767	767	767	767	767	767	767	767	767	767	767	767	767	767	767	767	767	767	767	767	767	767	767	767	767	767	767	767	767	767	767	767	767	767	767	767	767	
767	767	767	767	711	711	767	711	767	767	767	767	767	767	767	767	767	767	767	767	767	767	767	767	767	767	767	767	767	767	767	767	767	767	767	767	767	767	767	767	767	767	47	47	47	767	47	767	767	767	767	767	767	767	767	767	767	767	767	767	767	767	767	767	767	
711	711	711	711	711	711	711	711	711	711	711	711	711	711	711	711	711	711	711	711	711	711	711	711	711	711	550	550	550	550	550	550	550	550	550	550	711	711	711	711	711	790	790	711	711	711	711	711	711	711	711	711	711	711	711	
711	711	711	711	711	711	711	711	711	711	711	767	711	711	711	711	711	711	711	711	711	711	711	711	711	790	711	711	711	711	711	711	711	711	711	711	711	711	790	790	186	186	186	186	186	186	186	186	186	186	790	790	104	104	790	790	790	
767	767	767	767	47	47	47	47	47	47	47	47	47	47	711	711	711	711	711	711	711	711	711	711	711	711	711	711	711	711	711	767	767	767	711	711	711	711	711	711	711	711	711	711	711	711	711	711	711	711	711	711	711	711	711	767	
767	767	711	767	711	767	767	711	711	711	711	767	767	711	767	767	767	767	767	767	767	767	767	711	711	711	711	711	711	711	711	711	711	711	711	767	767	711	711	711	711	711	711	711	711	711	711	711	711	711	711	711	711	711	711	711	711	711	711	711	
767	767	767	767	767	767	767	767	767	767	767	767	767	767	767	767	767	767	767	767	767	767	767	767	767	767	767	767	767	767	767	767	767	767	767	767	767	767	767	767	767	767	767	767	767	767	767	767	767	767	767	767	767	767	767	
711	711	711	711	711	711	711	711	711	711	711	711	711	711	711	711	711	767	767	711	711	711	711	711	711	711	711	711	711	711	711	711	711	711	711	711	711	711	711	711	711	711	711	711	711	47	711	711	711	711	767	767	767	767	767	767	767	711	711	711	711	711	711	
767	767	767	767	767	767	767	767	767	767	767	767	767	767	767	767	767	767	767	767	767	767	767	767	767	767	767	767	767	767	767	767	767	767	767	767	767	767	767	767	767	767	767	767	767	767	767	767	767	767	767	
767	767	767	767	767	767	767	767	767	767	767	767	767	767	767	767	767	767	767	767	767	767	767	767	767	767	767	767	767	767	767	767	767	767	767	767	767	767	767	767	767	767	767	767	767	767	767	767	767	767	767	767	767	767	767	767	767	767	767	767	767	767	767	767	767	767	767	767	767	767	767	767	767	767	767	767	767	767	767	767	767	767	767	767	767	767	767	767	
767	767	767	767	767	767	767	767	767	767	767	767	767	767	767	767	767	767	767	767	767	767	767	767	767	767	767	767	767	767	767	767	767	767	767	767	767	767	767	767	767	767	767	767	767	767	767	767	767	767	767	767	767	767	767	767	767	767	767	767	767	767	767	767	767	767	767	767	767	622	622	
550	550	550	550	550	767	767	767	550	550	550	550	550	550	550	550	550	767	767	767	767	767	767	767	767	767	767	767	767	47	47	47	767	767	767	767	767	767	767	767	767	767	767	767	767	767	767	767	767	767	767	767	767	767	767	767	767	767	767	767	767	767	767	767	767	767	
711	711	711	711	711	711	711	711	711	711	711	711	711	711	711	711	711	711	711	711	478	478	478	478	30	30	30	30	30	30	478	478	478	478	478	478	478	478	478	478	478	478	928	928	928	928	928	928	928	928	928	
711	711	711	711	711	711	711	711	711	711	711	711	711	711	711	711	711	711	711	711	711	711	711	711	711	711	711	711	711	711	711	711	711	711	711	711	711	711	711	711	711	711	711	711	711	790	790	790	790	790	790	790	711	711	711	
767	767	767	767	767	767	767	767	767	767	767	767	767	767	767	767	767	767	767	767	767	767	767	767	767	767	767	767	767	767	767	767	767	767	767	767	767	767	767	767	767	767	767	767	767	767	767	767	767	767	767	767	767	767	767	767	767	767	767	767	
711	711	711	711	711	711	711	711	711	711	711	711	711	711	711	711	711	711	711	711	711	711	711	711	711	711	711	711	711	711	711	711	711	711	711	711	711	711	711	711	711	711	711	711	711	790	790	790	790	790	790	790	790	790	790	790	790	790	790	790	790	790	
550	550	550	711	711	711	711	711	711	711	711	711	711	711	711	711	711	30	30	478	478	478	478	478	478	478	478	478	478	478	478	478	478	478	478	478	478	478	478	478	478	478	478	104	478	478	478	478	104	104	928	928	928	928	928	104	104	104	104	104	478	478	784	406	
767	767	767	767	767	767	767	767	767	767	767	767	767	767	767	767	767	767	767	767	767	767	767	767	767	767	767	767	767	767	767	767	767	711	711	711	767	711	767	711	711	711	711	767	767	767	767	767	767	767	767	767	767	767	767	767	767	767	767	767	767	767	767	767	767	767	767	767	767	767	767	767	767	767	767	767	767	767	767	767	767	767	767	767	767	767	767	767	767	767	767	767	767	767	767	767	767	767	767	711	
767	711	711	711	711	711	767	767	767	767	767	767	767	767	767	767	767	767	767	767	767	767	767	767	767	767	767	767	767	767	767	767	767	767	767	
711	767	711	711	711	767	767	711	711	711	711	711	711	711	711	711	711	711	711	711	711	550	711	711	767	767	711	711	767	767	767	767	711	767	767	47	47	47	47	47	47	47	47	47	47	47	47	47	767	767	767	711	767	767	767	767	47	47	
550	711	711	711	711	711	30	30	30	30	30	30	30	30	30	30	30	478	478	478	478	478	478	478	478	478	478	478	478	478	478	478	478	478	478	478	478	478	478	478	478	478	478	478	478	478	478	478	478	478	478	478	478	478	478	478	478	928	69	69	69	104	69	
711	711	711	767	767	767	767	767	767	767	767	767	767	767	767	711	711	767	711	711	711	711	767	711	767	767	767	767	767	767	767	767	767	767	767	711	711	767	767	767	767	767	711	711	711	711	711	711	711	767	767	711	711	767	711	711	767	767	767	767	767	767	767	767	767	767	767	767	767	767	767	767	767	767	767	767	767	767	767	767	767	767	767	767	767	767	767	767	767	767	767	767	767	767	767	767	767	767	767	767	767	767	767	767	767	
711	550	47	550	550	550	550	550	767	767	767	767	767	767	767	767	767	767	767	767	767	767	767	767	767	767	767	767	767	711	711	711	711	711	711	711	711	711	711	711	711	711	711	711	711	711	711	711	711	711	711	711	711	711	711	711	711	711	711	711	711	711	711	711	711	711	711	711	711	711	711	711	711	711	711	711	711	711	711	711	711	711	711	711	711	711	711	711	711	711	711	711	711	711	711	711	711	711	711	711	711	767	711	711	711	711	
767	767	767	767	767	767	767	767	767	767	767	767	767	767	767	767	767	767	767	767	767	767	767	767	767	767	767	711	767	767	767	711	767	767	550	550	47	767	767	767	767	767	767	767	767	767	767	767	767	767	767	711	711	711	711	711	711	711	711	711	711	767	767	767	767	767	767	
767	767	767	767	767	767	767	767	767	767	767	767	767	767	767	767	767	767	767	767	767	767	767	767	767	767	767	767	767	767	767	767	767	767	767	550	550	550	550	550	767	767	767	767	767	767	767	767	767	767	767	767	767	767	767	767	767	767	767	767	767	767	767	767	767	767	767	711	767	767	767	711	711	711	767	767	767	767	767	767	767	
711	767	767	711	711	711	711	711	711	711	711	711	711	711	711	711	711	711	711	711	711	711	711	711	711	711	711	711	711	711	711	711	711	711	711	711	711	711	711	711	711	711	711	711	711	711	711	711	711	711	711	711	711	711	711	711	711	711	711	711	711	711	711	711	
767	767	767	767	767	767	767	767	767	767	767	767	767	767	767	767	767	767	767	767	767	767	767	767	767	767	767	767	767	767	767	767	767	767	767	767	767	767	767	767	767	767	767	767	767	767	767	767	767	767	767	767	767	767	767	767	767	767	767	767	767	767	767	767	767	767	767	767	767	767	767	767	767	767	767	767	767	
767	767	767	550	550	550	767	767	767	767	767	767	767	767	767	767	767	767	767	767	767	767	767	767	767	767	767	767	767	767	767	767	767	767	767	767	767	767	767	767	767	767	767	767	767	767	767	767	767	767	767	767	767	767	767	767	767	767	767	767	767	767	767	767	767	767	767	767	
711	711	711	711	711	711	711	711	711	711	711	711	711	711	767	767	767	767	767	767	767	767	767	767	767	711	711	711	711	711	711	711	711	711	711	711	711	711	711	711	767	767	767	767	767	767	767	767	767	767	767	
767	767	767	767	767	767	767	47	767	47	47	47	47	47	767	767	767	767	767	767	767	767	767	767	47	47	47	47	47	767	767	767	767	767	767	767	767	767	767	767	767	767	767	767	767	767	767	767	767	767	767	767	767	767	767	767	767	767	767	767	767	767	767	767	767	767	
767	767	767	767	767	767	767	767	767	767	767	767	767	767	767	711	711	711	711	711	550	550	550	550	550	550	711	711	711	711	711	711	711	711	711	711	711	711	711	550	550	550	550	550	550	550	550	711	711	711	711	711	
47	550	550	767	767	767	550	47	47	47	47	47	47	47	47	767	767	767	767	767	767	767	767	767	767	550	550	767	550	550	550	550	550	550	47	767	767	767	767	767	767	767	767	767	767	767	767	767	767	767	767	767	767	767	767	767	767	767	767	767	767	767	767	767	767	767	767	
711	711	711	711	711	711	711	711	711	711	711	711	711	711	711	711	711	711	711	711	478	478	478	478	478	478	478	30	30	30	30	30	478	478	478	478	478	478	478	478	478	478	478	478	928	928	928	928	928	928	928	928	928	928	
711	711	711	711	767	767	767	767	767	767	767	767	767	767	767	767	767	767	767	767	767	767	767	767	767	767	767	767	767	767	767	767	767	767	767	767	767	767	767	767	767	767	767	767	767	767	767	767	767	767	767	767	767	767	767	767	767	767	767	767	767	767	767	767	767	767	767	767	767	
767	767	767	767	767	767	767	767	767	767	767	767	767	767	767	767	767	767	767	767	767	767	767	767	767	767	767	767	767	767	767	767	767	767	767	767	767	767	767	767	767	767	767	767	767	767	767	767	767	767	767	767	767	767	767	767	767	767	767	
711	711	711	711	711	711	711	711	711	711	711	711	711	711	711	711	711	711	711	711	711	711	711	711	711	711	711	711	711	711	711	711	711	711	711	711	711	711	790	790	790	790	790	790	790	790	790	790	790	790	790	790	790	790	790	790	104	
711	711	711	711	711	711	711	711	711	711	711	711	711	711	711	711	711	711	711	711	711	711	711	711	711	711	711	711	711	711	711	711	711	711	711	711	711	711	711	711	711	711	711	711	711	711	711	711	711	711	711	711	711	711	711	711	711	711	711	711	711	711	711	711	711	
711	711	711	711	711	711	711	711	711	711	711	711	711	711	711	711	711	711	711	711	711	711	711	711	711	711	711	711	711	711	711	711	711	711	711	711	711	711	711	711	711	711	711	790	790	790	790	790	790	790	790	790	
711	711	711	711	711	711	711	711	711	711	711	711	711	711	711	711	711	711	711	711	711	711	478	478	478	478	478	478	478	478	478	478	478	478	478	478	478	478	478	478	104	478	478	478	478	928	928	928	928	928	928	928	928	928	928	478	478	478	478	478	478	
711	711	711	711	711	711	711	711	711	711	711	711	711	711	711	711	711	711	711	711	711	711	711	711	711	711	711	711	711	711	711	711	711	711	711	711	711	711	711	711	711	711	711	711	711	711	711	711	711	711	711	711	711	711	711	711	711	711	711	711	711	711	711	711	711	711	711	711	711	711	711	711	711	711	711	711	711	711	104	
711	711	711	711	711	711	711	711	711	711	711	711	711	767	767	767	711	767	767	767	767	711	767	711	767	711	711	711	767	711	767	767	767	767	767	767	767	767	711	767	711	711	711	711	711	711	711	711	711	711	711	711	711	711	711	767	711	767	767	767	767	711	767	767	711	711	711	711	767	711	711	767	711	767	767	767	767	767	767	767	767	767	767	767	767	767	767	767	767	767	767	767	767	767	767	767	767	767	767	767	767	767	767	767	767	767	767	767	767	767	767	767	767	767	767	767	767	767	767	767	767	767	767	767	767	767	767	767	767	767	767	767	767	767	767	767	767	767	767	767	767	767	767	767	767	767	767	767	767	767	767	767	767	767	767	767	767	767	767	767	767	767	767	767	767	767	767	767	767	767	767	767	767	767	767	767	767	767	767	767	767	767	767	767	767	767	767	767	767	711	711	767	767	767	767	767	767	767	767	711	711	711	711	711	711	711	711	711	711	767	767	767	767	767	767	767	767	767	767	767	767	767	767	711	711	711	767	767	711	767	767	767	767	767	767	622	
711	767	767	767	767	767	767	767	767	767	767	767	767	767	767	767	767	767	767	767	767	767	767	767	767	767	767	767	767	767	767	767	767	767	767	767	767	767	767	767	767	767	47	47	47	47	47	767	767	767	767	767	767	767	767	767	767	
767	767	767	767	767	767	767	767	767	767	767	767	767	767	767	767	767	767	767	767	767	767	767	767	711	711	711	711	711	711	767	767	767	767	767	767	767	767	767	767	767	767	767	767	767	767	767	767	767	767	767	767	767	767	767	767	767	711	711	711	711	711	711	711	711	711	767	767	767	767	
550	550	550	767	550	550	550	550	550	550	550	550	47	550	767	767	767	47	767	767	767	47	767	767	767	767	767	767	767	767	767	767	767	767	767	767	767	767	767	767	767	767	767	767	767	767	767	767	767	767	767	767	767	767	767	767	767	767	767	
767	767	767	767	767	767	767	767	767	767	767	767	767	767	767	767	767	767	767	767	767	767	767	767	767	767	767	767	767	767	767	767	767	767	767	767	767	767	767	767	767	767	767	767	767	550	767	767	767	767	767	767	767	767	
767	767	767	767	767	767	767	767	767	767	767	767	767	767	767	767	767	767	767	767	767	767	767	767	767	767	767	767	767	767	767	767	767	767	767	767	767	767	767	767	767	767	767	767	767	767	767	767	767	767	767	767	767	767	767	767	767	767	767	767	767	767	767	767	767	767	767	767	767	767	767	767	767	767	767	767	767	767	767	767	767	767	767	767	767	767	767	767	767	767	767	767	767	767	767	767	767	767	767	767	767	767	767	767	767	767	767	767	767	767	767	767	767	767	767	767	767	767	767	767	767	767	767	767	767	767	767	
767	767	767	767	767	767	767	767	767	767	767	767	767	767	767	767	767	767	767	767	767	767	767	767	767	767	767	767	767	767	767	767	767	767	767	767	767	767	767	767	767	767	767	767	767	767	767	767	767	767	767	767	767	767	767	767	767	767	767	767	767	767	767	767	767	767	767	
767	767	767	767	767	767	767	767	767	767	767	767	767	767	767	767	767	767	767	767	767	767	767	767	767	767	767	767	767	767	767	767	767	767	767	767	767	767	767	767	767	767	767	767	767	767	767	767	767	767	767	767	767	767	767	767	767	767	767	767	767	767	767	767	767	767	
767	767	767	767	767	767	767	767	767	767	767	767	767	767	767	767	767	767	767	767	767	767	767	767	767	767	767	767	767	767	767	767	767	767	767	767	767	767	767	767	767	767	767	767	767	767	767	767	767	767	767	767	767	767	767	767	
711	711	711	711	711	711	711	711	711	711	711	711	711	711	711	711	711	711	711	711	711	711	711	711	711	711	711	711	711	711	711	711	711	711	711	711	711	711	186	186	186	711	711	711	711	711	711	711	711	711	711	711	711	711	711	711	711	711	711	711	711	711	711	711	711	104	104	104	711	711	711	711	711	711	711	711	
550	550	550	550	550	550	550	550	550	550	550	550	767	767	767	767	767	767	767	767	767	767	767	767	767	767	767	767	767	767	767	767	767	767	767	767	767	767	767	767	767	767	767	767	767	767	767	767	767	767	767	767	767	767	767	767	767	767	767	767	767	767	767	767	767	767	767	767	767	767	767	767	767	767	767	767	767	767	
711	711	711	711	711	711	711	711	711	711	711	711	711	711	711	711	711	711	711	711	767	711	711	711	711	711	711	711	711	711	711	711	711	711	711	711	711	711	711	711	711	711	550	711	711	711	711	711	711	711	767	711	711	711	711	711	711	711	711	711	711	711	
767	767	767	767	767	767	767	767	767	767	767	767	767	767	767	767	767	767	767	767	767	767	767	767	767	767	767	767	767	767	767	767	767	767	767	767	767	767	767	767	767	767	767	767	767	767	767	767	767	767	767	767	767	767	767	767	767	767	767	767	767	767	767	767	767	767	767	767	767	767	767	
767	767	767	767	767	767	767	767	767	767	767	767	767	767	767	767	767	767	767	767	767	767	767	767	767	767	767	767	767	767	767	767	767	767	767	767	767	711	711	711	711	711	711	711	711	711	711	711	711	711	711	711	711	767	711	711	711	767	711	711	711	711	711	711	711	711	767	767	767	767	767	767	767	767	711	711	711	711	
711	711	711	711	711	711	711	711	711	711	711	711	711	711	711	711	711	711	767	767	767	711	47	550	711	711	711	711	711	47	47	47	47	47	550	47	711	711	711	711	30	30	711	30	30	
767	767	767	767	550	767	550	767	550	550	767	767	767	47	767	767	767	767	767	767	767	767	767	767	767	767	767	767	767	767	767	767	767	767	767	767	767	767	767	767	767	767	767	767	767	767	767	767	
550	550	711	711	711	711	711	711	711	711	711	711	711	711	711	711	711	711	711	711	711	711	711	711	711	711	711	711	711	711	711	711	711	550	550	550	550	550	550	711	711	711	711	711	711	711	711	711	711	711	711	790	790	790	790	790	790	790	790	790	790	790	711	711	711	711	711	711	
767	767	767	767	767	767	767	767	767	767	767	767	767	767	767	767	767	767	767	767	767	767	767	767	767	767	767	767	767	767	767	767	767	767	767	767	767	767	767	767	767	767	767	767	767	767	767	767	767	767	767	767	767	767	767	767	767	767	767	767	767	767	767	767	767	767	
767	767	767	767	767	767	767	767	767	767	767	767	767	767	767	767	767	767	767	767	711	711	711	711	711	711	711	711	711	711	711	711	711	711	767	767	767	767	767	767	767	767	767	767	767	767	767	767	767	767	767	767	767	767	767	711	711	711	711	47	47	711	711	
550	550	550	550	550	550	550	550	550	550	550	550	550	550	550	550	767	767	47	767	767	767	767	767	767	47	767	767	767	767	767	767	767	767	767	767	767	767	767	767	767	767	767	767	767	767	767	767	767	767	767	767	767	767	767	767	767	767	767	767	767	767	767	767	767	
767	767	767	767	767	767	767	767	767	767	767	767	767	767	767	767	767	767	767	767	767	767	767	767	767	767	767	767	767	767	767	767	767	767	767	767	767	767	767	767	767	767	767	767	767	767	767	767	767	767	767	767	767	767	767	767	
767	767	767	767	767	767	767	767	767	767	767	767	767	767	767	767	711	711	711	711	711	767	767	767	767	767	767	767	767	767	767	767	767	767	767	767	767	767	767	767	767	767	767	767	767	767	767	767	767	767	767	767	767	767	767	767	767	767	767	767	767	767	767	767	767	767	767	767	767	767	767	767	767	767	767	767	767	767	767	767	
767	767	767	767	767	767	767	767	767	767	767	767	767	767	767	767	767	767	767	767	767	767	767	767	767	767	767	767	767	767	767	767	767	767	767	767	767	767	767	767	767	767	767	767	767	767	767	767	767	767	767	767	767	
767	767	767	767	767	767	767	767	767	767	767	767	767	767	767	550	550	550	550	767	767	767	767	767	767	767	767	767	767	767	767	767	767	767	767	767	767	767	767	767	767	767	767	767	767	767	767	767	767	767	767	767	767	767	767	767	767	767	767	767	767	767	767	767	767	767	767	767	767	767	767	767	
711	711	711	711	711	711	711	711	711	711	711	711	711	711	711	711	711	711	711	711	711	711	711	711	711	711	711	711	711	711	711	711	711	711	711	30	30	30	30	30	711	711	711	711	478	478	478	478	478	711	711	711	104	478	478	790	928	928	928	928	928	478	478	478	478	478	478	478	478	478	478	478	478	478	478	478	478	478	478	478	478	478	478	478	
767	767	711	711	711	711	711	711	711	711	711	711	711	711	711	711	711	711	711	711	711	711	711	711	711	711	711	711	711	711	711	711	711	711	711	711	711	711	711	104	790	790	790	790	790	790	790	790	790	790	790	790	104	104	104	104	104	484	484	484	484	484	484	484	484	484	484	484	484	484	69	69	69	69	69	69	69	69	
767	711	711	711	550	47	47	47	47	47	47	47	47	47	47	47	550	550	550	550	550	711	711	711	711	711	711	711	711	711	711	711	711	711	711	711	711	711	711	711	767	711	767	767	767	767	767	767	767	767	711	711	711	711	711	711	767	767	550	550	550	550	767	767	767	767	767	711	711	711	711	711	711	711	711	550	550	550	550	550	550	711	711	711	711	711	711	711	711	711	711	711	711	711	711	550	550	550	550	550	550	711	711	711	711	711	711	711	711	711	711	711	711	711	711	711	711	711	711	711	711	711	

