767	767	767	767	767	767	767	767	767	767	767	767	767	767	767	767	767	767	767	767	767	767	767	767	767	767	767	767	767	767	767	767	767	767	767	767	767	767	767	767	767	767	767	767	767	767	767	767	767	767	767	767	767	
767	767	767	767	767	767	767	767	767	767	767	767	767	767	767	767	767	767	711	711	711	711	711	711	711	711	711	711	711	711	711	711	711	711	711	711	711	711	711	711	711	711	711	711	711	711	711	711	711	711	711	711	711	711	711	711	711	711	711	711	711	711	
767	767	767	767	767	767	767	767	767	767	767	767	767	767	767	767	767	767	767	767	767	767	767	767	767	767	767	767	767	767	767	767	767	767	767	767	767	767	767	767	767	767	767	767	767	767	767	767	767	767	767	767	767	767	767	767	767	767	
550	47	47	550	47	47	550	550	47	47	550	47	47	47	550	47	47	47	47	47	47	767	47	47	47	47	767	767	767	47	47	47	47	47	47	47	47	47	47	47	767	767	767	767	47	47	47	47	47	47	47	47	47	47	47	47	47	47	47	767	767	767	767	767	767	767	767	767	767	767	767	767	767	767	767	767	767	767	767	767	767	
767	767	767	767	767	767	767	767	767	767	767	767	767	767	767	767	767	767	711	711	47	711	711	711	711	711	711	711	711	767	767	767	767	767	767	767	767	767	767	767	767	767	767	767	767	767	711	711	711	711	711	711	47	47	47	47	767	767	767	767	767	767	767	
47	47	47	47	47	47	47	47	47	47	47	47	47	47	47	47	47	47	47	47	47	47	47	47	47	47	47	47	47	47	47	47	47	47	47	47	47	47	47	47	47	47	47	47	47	47	47	47	47	47	47	47	47	47	47	47	47	47	47	47	47	47	47	47	47	47	47	47	47	47	47	47	47	47	47	47	47	47	47	47	47	47	47	47	47	47	47	47	
550	550	550	550	550	550	550	550	550	550	550	550	550	550	550	550	550	550	550	550	550	550	550	550	767	767	767	767	767	767	767	767	767	767	767	767	547	547	547	767	767	550	550	550	550	550	550	711	711	711	711	550	711	
47	47	47	47	47	47	47	47	47	47	47	47	47	47	47	47	47	47	47	47	47	47	47	47	47	47	47	47	47	47	47	47	767	47	47	47	47	47	47	47	47	47	47	47	47	47	47	47	47	47	47	47	47	47	47	47	47	47	47	47	47	47	47	47	47	47	47	47	47	47	47	47	47	47	47	47	47	47	
767	767	767	767	767	767	767	767	767	767	767	767	767	767	767	767	767	767	767	767	767	767	767	767	767	767	767	767	767	767	767	767	767	767	767	767	767	767	767	767	767	767	767	767	767	767	767	767	767	767	767	767	767	767	767	767	767	767	767	767	767	767	767	767	767	767	767	767	767	767	767	767	767	767	767	767	767	767	767	767	767	767	767	767	767	767	767	767	767	767	767	767	767	767	767	767	767	767	767	767	767	767	767	767	767	767	767	767	767	767	767	767	767	767	767	767	767	767	
767	767	767	767	767	767	767	767	767	767	767	767	767	767	767	767	767	767	767	767	767	767	711	767	711	711	711	711	711	711	711	711	711	711	711	711	711	711	711	711	711	711	711	711	711	711	711	711	711	711	711	711	711	711	711	767	711	711	711	711	711	711	711	711	711	711	711	767	767	767	767	
767	767	767	767	767	767	767	767	767	767	767	767	767	767	767	767	767	767	767	767	767	767	767	767	767	767	767	767	767	767	767	767	767	767	767	767	767	767	767	767	767	767	767	767	767	767	767	767	767	767	767	767	767	767	767	767	767	767	767	767	767	767	767	767	767	
767	767	550	767	767	767	767	767	767	767	767	767	767	767	767	767	767	767	767	767	767	767	767	767	767	767	767	767	767	767	767	767	767	767	767	767	767	767	767	767	767	767	767	767	767	767	767	767	767	767	767	767	767	767	767	767	767	767	767	767	767	767	767	767	767	767	767	767	767	767	767	767	
767	767	767	767	767	767	767	767	767	767	767	767	767	767	767	767	767	767	767	767	767	767	767	767	767	767	767	767	767	767	767	47	47	47	767	767	767	767	767	767	767	767	767	767	767	767	767	767	767	767	767	767	47	47	47	47	47	47	767	767	767	767	767	767	
767	767	767	767	767	767	767	767	767	767	767	767	767	767	767	767	767	767	767	711	711	711	711	711	711	711	711	711	47	47	47	47	47	47	711	711	767	767	767	711	767	767	767	767	767	767	767	767	767	767	767	767	767	767	767	767	767	767	767	767	767	767	767	767	767	767	767	767	
767	767	767	767	767	767	767	767	767	767	767	767	767	550	550	550	550	550	550	550	550	550	550	550	550	550	550	550	550	550	550	550	550	550	767	767	767	767	767	767	767	767	767	767	767	767	767	767	767	767	767	767	767	767	767	767	767	767	767	767	767	767	767	767	
767	767	767	767	767	767	767	767	767	767	767	767	767	767	767	767	767	767	767	711	711	711	711	767	711	711	711	711	711	711	711	711	711	711	711	711	711	711	711	478	478	478	478	478	478	711	711	711	711	711	711	711	711	711	711	711	711	711	711	711	711	711	711	711	711	711	711	711	711	711	711	
711	711	767	767	767	767	767	767	767	767	767	767	767	767	711	711	711	711	711	711	711	711	711	711	711	711	711	711	711	711	711	711	711	711	711	711	711	711	711	711	711	711	711	711	711	711	711	711	711	711	711	711	711	711	711	711	790	711	711	711	711	790	790	484	484	790	711	711	
767	767	767	767	767	767	767	767	767	767	767	767	767	767	767	767	767	767	767	767	767	767	767	767	767	767	767	767	767	767	767	767	767	767	767	767	767	767	767	767	767	767	767	767	550	767	767	767	767	767	767	767	767	767	767	767	767	767	767	
767	767	767	767	767	767	767	767	767	767	767	767	767	767	767	767	767	767	767	767	767	767	767	767	767	767	767	767	767	767	767	767	767	767	767	767	47	47	47	767	767	767	767	767	767	767	767	767	767	767	767	767	767	767	767	767	767	767	767	767	767	767	767	767	
550	550	550	550	550	550	550	550	550	550	547	547	547	547	547	547	547	547	547	547	547	547	547	547	547	547	547	547	547	550	550	550	550	550	550	550	550	550	550	767	767	767	767	767	767	767	767	767	767	767	767	767	767	767	767	767	767	767	767	767	767	767	767	767	
550	767	767	550	550	767	767	767	767	767	767	767	767	767	767	767	767	767	767	767	767	767	767	767	767	767	767	767	767	767	767	767	767	767	767	767	767	767	767	767	767	767	767	767	767	767	767	767	767	767	767	767	767	767	767	767	767	767	767	767	767	767	767	767	767	767	767	767	767	767	767	767	
767	767	767	767	767	767	767	767	711	711	711	711	711	47	30	30	30	30	30	30	30	30	30	30	30	550	550	550	550	550	550	711	711	711	711	767	767	767	767	767	767	767	767	767	767	767	767	767	767	767	767	767	767	767	767	767	767	767	767	767	711	711	711	711	711	711	711	711	711	711	711	711	711	711	711	711	711	
767	767	767	767	767	767	767	767	767	767	711	711	711	767	767	767	767	767	767	767	711	711	711	711	711	711	711	711	767	767	767	767	767	767	767	767	767	767	711	711	711	711	711	711	711	711	711	711	711	711	711	711	711	711	711	711	711	711	711	711	711	711	711	711	711	711	711	711	711	711	711	711	711	711	711	711	711	711	711	711	711	711	711	711	711	711	
767	767	767	767	767	767	767	767	767	767	767	767	767	767	767	767	767	767	767	767	767	767	767	767	767	767	767	767	767	767	767	767	767	767	767	767	767	767	767	767	767	767	767	767	767	767	767	767	767	767	767	767	767	767	767	767	767	767	767	767	767	767	767	767	
550	47	47	47	47	47	47	47	47	47	47	47	47	47	47	47	47	47	47	47	47	47	47	47	767	767	767	767	767	767	47	767	767	767	767	767	767	767	767	767	767	767	767	47	47	47	47	47	47	47	47	47	47	47	47	767	47	47	47	47	47	47	767	767	767	767	767	767	767	767	767	767	767	767	767	767	47	47	47	767	767	767	767	767	767	767	767	767	767	767	767	767	
711	711	711	711	767	767	767	711	711	711	711	711	711	711	711	711	711	711	711	711	711	711	711	711	711	550	550	550	550	711	30	30	711	30	711	711	711	711	711	711	711	711	711	711	711	711	711	711	104	478	478	478	478	478	478	478	478	478	478	478	478	104	478	478	104	478	104	
47	47	47	47	47	47	47	47	47	47	47	47	47	47	47	47	47	47	47	47	47	767	767	767	767	767	767	767	767	767	767	767	767	767	767	767	767	767	767	767	767	767	767	767	767	767	767	767	767	767	767	767	767	767	767	767	767	767	767	767	767	767	767	767	767	767	767	767	767	767	767	767	767	767	767	767	767	767	767	767	767	767	767	767	767	767	767	767	767	767	767	
767	767	767	767	767	767	767	767	767	767	767	767	767	767	767	767	767	767	767	767	767	767	767	767	767	767	767	767	767	767	767	767	767	767	767	767	767	767	767	767	767	767	767	767	767	767	767	767	767	767	767	767	767	767	767	767	767	767	767	767	767	767	767	767	767	767	767	767	767	767	767	
550	550	550	550	550	550	550	550	550	767	550	47	767	47	47	767	767	767	767	767	767	767	767	767	767	767	767	767	767	767	767	767	767	767	767	767	767	767	767	767	767	767	767	767	767	767	767	767	767	767	767	767	767	767	767	767	767	767	767	767	767	767	767	767	767	767	767	767	767	767	767	767	767	767	767	767	767	767	767	767	767	767	767	767	767	767	767	
711	711	711	711	711	711	767	767	767	767	767	550	550	550	550	550	550	550	550	30	30	30	30	30	30	30	30	30	30	30	30	30	30	30	30	30	30	30	30	30	30	30	30	30	30	30	30	30	478	478	478	478	478	478	478	478	478	210	210	210	210	210	210	
767	767	767	767	767	767	767	767	47	47	767	767	767	47	47	47	47	47	47	47	47	47	767	767	767	767	767	767	767	767	767	767	767	767	767	47	47	767	767	767	767	767	767	767	767	47	767	767	767	767	767	767	767	767	767	767	767	767	767	767	767	767	767	767	767	767	767	767	767	767	767	767	767	767	
711	711	711	711	711	767	767	767	767	767	767	767	767	767	711	711	711	711	711	711	711	711	711	711	711	711	711	711	711	711	711	711	711	711	711	711	711	711	711	711	30	30	478	478	478	478	478	478	478	478	478	478	478	478	478	478	478	478	478	478	478	478	478	478	478	210	210	210	210	210	
767	767	767	767	767	767	767	767	767	767	767	767	767	767	767	767	767	767	767	767	767	767	767	767	767	767	767	767	767	767	767	767	767	47	47	47	47	47	47	47	47	47	767	767	767	767	767	767	767	767	767	767	767	767	767	767	767	767	767	767	767	767	767	767	767	767	767	767	767	767	767	767	767	767	767	767	767	767	767	767	767	767	767	767	767	767	767	767	767	767	767	767	767	767	767	767	767	767	767	
711	711	47	47	47	47	767	767	767	767	767	767	767	767	767	767	767	767	767	767	767	767	767	767	767	767	767	767	767	767	767	767	767	767	767	767	767	767	767	767	767	767	767	767	767	767	767	767	767	767	767	767	767	767	767	767	767	767	767	767	767	767	767	767	767	767	767	767	
767	767	767	767	550	47	47	47	47	47	47	767	767	767	767	767	47	767	767	47	767	767	767	767	767	767	767	767	767	767	767	767	767	767	767	767	767	767	767	767	767	767	767	767	767	767	767	767	767	767	767	767	767	767	767	767	767	767	767	767	767	767	767	767	767	767	
767	767	767	767	767	767	767	767	767	767	767	767	767	767	767	767	767	767	767	767	767	767	767	767	767	767	767	767	767	767	767	767	767	767	767	767	767	767	767	767	767	767	767	767	767	767	767	767	767	767	767	767	767	767	767	767	767	767	767	767	767	767	767	767	767	767	767	767	767	767	767	767	767	767	767	767	767	767	767	767	767	767	767	767	767	767	767	767	767	767	767	767	767	767	767	767	767	767	767	767	767	767	
767	767	767	767	767	767	767	767	767	767	767	767	767	767	767	767	767	767	767	767	767	767	767	767	767	767	767	767	767	767	767	767	767	767	767	767	767	767	767	767	767	767	767	767	767	767	767	767	767	767	767	767	767	767	767	767	767	767	767	767	767	767	767	767	767	767	767	767	767	767	767	767	767	767	
767	767	767	767	767	767	767	767	767	767	767	767	767	767	767	767	767	767	767	767	767	767	767	767	767	767	767	767	767	767	767	767	767	767	767	767	767	767	767	767	767	767	767	767	767	767	767	767	767	767	767	767	767	767	767	767	767	767	767	
767	711	711	711	711	767	711	767	767	767	767	711	767	711	711	711	711	711	711	711	711	711	711	711	711	711	711	711	711	711	711	711	711	711	711	711	711	711	711	711	711	711	711	711	711	711	711	711	711	711	711	711	711	711	790	790	790	711	711	104	104	104	104	104	104	104	104	104	104	

